User:
ilsa8974
Hostname:
bnode0302.rc.int.colorado.edu
CPU info:
Architecture:          x86_64
CPU op-mode(s):        32-bit, 64-bit
Byte Order:            Little Endian
CPU(s):                28
On-line CPU(s) list:   0-27
Thread(s) per core:    1
Core(s) per socket:    14
Socket(s):             2
NUMA node(s):          2
Vendor ID:             GenuineIntel
CPU family:            6
Model:                 79
Model name:            Intel(R) Xeon(R) CPU E5-2680 v4 @ 2.40GHz
Stepping:              1
CPU MHz:               2899.968
Computation started at:
Mon May 24 17:07:50 MDT 2021
git commit: b183b861ee989460d41d142fe4edef4eeec4e5b7, branch: merged, compiled at: Thu May 13 17:11:20 MDT 2021

nproc used: 56 (NB: stochasticIter below is per proc)

**************************************************************
Input file  :
**************************************************************
{
    "wavefunction": {
        "name": "jastrowslater",
        "hfType": "rhf",
        "complex": "false",
        "fourBodyJastrow": "asAB2",
        "noENCusp": "true",
        "QmaxEEN": "0",
        "Qmax": "6"
    },
    "realspace": {
        "basis": "gto",
        "nalpha": "3",
        "nbeta": "1",
        "norbs": "13"
    },
    "sampling": {
        "rStepType": "spherical",
        "sampleEveryRt": "false",
        "stochasticIter": "5e4",
        "seed": "1"
    },
    "optimizer": {
        "fullrestart": "true",
        "optimizeorbs": "true",
        "optimizecicoeffs": "false",
        "optimizecps": "true",
        "method": "lm",
        "direct": "true",
        "hDiagShift": "0.1",
        "sDiagShift": "0.0",
        "decay": "0.1",
        "cgTol": "1.0e-3",
        "cgIter": "35",
        "dTol": "1.0e-3",
        "stepsizes": [
            "0.0",
            "0.01",
            "0.1",
            "1.0"
        ],
        "corrSampleFrac": "0.3",
        "sgdIter": "0",
        "maxIter": "15"
    },
    "print": {
        "vars": "true",
        "grad": "false"
    }
}

Number of Jastrow vars: 62
Number of Reference vars: 79
Number of Optimized vars: 141
    0    -5.39661187 (1.98e-04)     0.01332494      1.4      0.5    18.15    19.02    28.15 
    1    -5.39748221 (1.95e-04)     0.00573699      1.4      0.5    46.39    48.10    57.28 
    2    -5.39756833 (2.05e-04)     0.00437653      1.4      0.5    75.44    76.15    85.21 
    3    -5.39777117 (2.02e-04)     0.00431714      1.4      0.5   103.26   117.30   126.35 
    4    -5.39719469 (1.97e-04)     0.00582423      1.4      0.5   144.46   212.59   221.71 
    5    -5.39754622 (2.05e-04)     0.00696108      1.4      0.5   239.73   269.53   279.04 
    6    -5.39700274 (2.02e-04)     0.02603262      1.4      0.5   297.13   314.03   323.11 
    7    -5.39731742 (2.10e-04)     0.02579411      1.4      0.5   341.21   356.68   365.82 
    8    -5.39694366 (2.02e-04)     0.02488909      1.4      0.5   383.96   410.95   420.09 
    9    -5.39657761 (1.99e-04)     0.02347731      1.4      0.5   438.07   462.48   471.52 
   10    -5.39725487 (2.02e-04)     0.02939740      1.4      0.5   489.52   491.55   500.63 
   11    -5.39747535 (2.03e-04)     0.01931628      1.4      0.5   518.60   539.67   548.80 
   12    -5.39704465 (2.01e-04)     0.02029614      1.4      0.5   566.91   579.03   588.09 
   13    -5.39590340 (2.44e-04)     0.06054847      1.4      0.5   606.02   644.59   653.70 
   14    -5.39564768 (2.59e-04)     0.05889622      1.4      0.5   671.70   720.06   729.12 

__rJastrow parameters__

EEsameSpin
0.25 0.1075986233 0.3392477524 0.2816746313 0.05181751759 -0.2339684673 

EEoppositeSpin
0.5 0.3352910041 0.3018536164 0.2020631896 0.07467827592 -0.05184204136 

EN
4 | 0 -0.2596234497 -0.2934248498 -0.513976089 -0.6549853544 -0.6700415632 

EENsameSpin
4 | 

EENoppositeSpin
4 | 

EENNlinear
0.001789710933 -0.0005633789268 -0.0007384314876 -0.0004879005095 0.002626900321 -0.0006386504546 0.0003074109019 -0.002295660766 
EENNquadratic
-0.003110584337 0.005974846786 0.00623188693 0.004752700756 -0.03062625539 0.006768898718 0.01415282716 0.01328395147 
0.005974846786 -0.0001281270645 -0.004968027471 -0.00413083899 0.02038248697 -0.007392146122 -0.002853372686 -0.01126372608 
0.00623188693 -0.004968027471 -0.000516758212 -0.004660931896 0.01342475319 0.0006211421624 -0.008323120566 -0.007199637725 
0.004752700756 -0.00413083899 -0.004660931896 0.0005558335161 0.01258041719 -0.003829797456 -0.001131868543 -0.008594552237 
-0.03062625539 0.02038248697 0.01342475319 0.01258041719 0.06930144338 -0.04115427716 -0.04831861293 -0.04387619602 
0.006768898718 -0.007392146122 0.0006211421624 -0.003829797456 -0.04115427716 0.005412920747 0.01791564028 0.01113549449 
0.01415282716 -0.002853372686 -0.008323120566 -0.001131868543 -0.04831861293 0.01791564028 0.0137033832 0.003611028046 
0.01328395147 -0.01126372608 -0.007199637725 -0.008594552237 -0.04387619602 0.01113549449 0.003611028046 0.01226917597 

rJastrow.txt
0.25  0.1075986233  0.3392477524  0.2816746313  0.05181751759  -0.2339684673  0.5  0.3352910041  0.3018536164  0.2020631896  0.07467827592  -0.05184204136  0  -0.2596234497  -0.2934248498  -0.513976089  -0.6549853544  -0.6700415632  0.001789710933  -0.0005633789268  -0.0007384314876  -0.0004879005095  0.002626900321  -0.0006386504546  0.0003074109019  -0.002295660766  -0.003110584337  0.005974846786  -0.0001281270645  0.00623188693  -0.004968027471  -0.000516758212  0.004752700756  -0.00413083899  -0.004660931896  0.0005558335161  -0.03062625539  0.02038248697  0.01342475319  0.01258041719  0.06930144338  0.006768898718  -0.007392146122  0.0006211421624  -0.003829797456  -0.04115427716  0.005412920747  0.01415282716  -0.002853372686  -0.008323120566  -0.001131868543  -0.04831861293  0.01791564028  0.0137033832  0.01328395147  -0.01126372608  -0.007199637725  -0.008594552237  -0.04387619602  0.01113549449  0.003611028046  0.01226917597  

CI-expansion
  1

DeterminantA
  (0.9997847488,0)  (0.0009648006725,0)  (0.0009697527397,0)  (2.301633027e-07,0)  (1.052343431e-06,0)  (-7.569583987e-06,0)  (3.91404339e-07,0)  (-2.420635612,0)  (-0.002009440732,0)  (-2.720032609e-08,0)  (-8.724207024e-08,0)  (2.000202644e-07,0)  (9.939112475e-10,0)
  (-0.02971101661,0)  (0.003749863231,0)  (-0.0006210108666,0)  (8.424201944e-09,0)  (-1.299099994e-06,0)  (9.041122252e-06,0)  (-8.752432068e-07,0)  (2.619032097,0)  (0.005158007008,0)  (2.152641963e-08,0)  (5.681106503e-08,0)  (-2.126673679e-07,0)  (-6.702533659e-09,0)
  (0.00852939754,0)  (1.713202932,0)  (-0.6261988501,0)  (0.009454689644,0)  (-1.420833903,0)  (0.1477695495,0)  (0.02199937181,0)  (-1.39938198e-06,0)  (-1.495442577e-07,0)  (2.134676142e-08,0)  (2.082640173e-07,0)  (5.701835555e-08,0)  (-1.442813323e-06,0)
  (-0.003991162341,0)  (-2.771453035,0)  (-1.316797028,0)  (0.6869642076,0)  (0.02902901408,0)  (0.08988675755,0)  (1.598684654,0)  (1.715598512e-07,0)  (-9.544628507e-08,0)  (1.038726847e-06,0)  (1.101761564e-07,0)  (9.305764754e-08,0)  (2.309403754e-08,0)
  (-8.064802098e-06,0)  (0.8638763878,0)  (-0.06236355587,0)  (0.04452726593,0)  (-0.1462117213,0)  (-1.418126101,0)  (0.1036236002,0)  (5.895663705e-06,0)  (9.065106397e-07,0)  (-1.007187493e-07,0)  (1.445538748e-08,0)  (-1.458391477e-06,0)  (-5.103717975e-08,0)
  (-0.006031494604,0)  (0.04699409412,0)  (-0.01709695262,0)  (0.004871561442,0)  (1.734329399,0)  (-0.1803732887,0)  (-0.02344393206,0)  (1.474920392e-06,0)  (7.749767294e-08,0)  (-9.488314924e-09,0)  (-5.355601353e-08,0)  (-1.429732637e-08,0)  (6.236034835e-07,0)
  (0.002780690512,0)  (-0.1085352544,0)  (-0.07121829234,0)  (0.3539651937,0)  (-0.03543445107,0)  (-0.1097191703,0)  (-1.703649343,0)  (-2.093355935e-07,0)  (3.223771872e-08,0)  (-5.324763849e-07,0)  (-5.618806016e-08,0)  (-4.009806383e-08,0)  (-9.361765966e-09,0)
  (-0.00121568044,0)  (0.02952920298,0)  (0.01584981391,0)  (0.02294313689,0)  (0.1784720511,0)  (1.731020947,0)  (-0.1104271663,0)  (-5.923295549e-06,0)  (-3.855397092e-07,0)  (8.703557622e-09,0)  (-5.869501783e-09,0)  (6.269644175e-07,0)  (1.257623146e-08,0)
  (-0.005226815294,0)  (0.003130224194,0)  (0.0008370495704,0)  (-1.317839513e-07,0)  (4.949878954e-08,0)  (-1.245414621e-08,0)  (-1.047003003e-07,0)  (-4.675931825e-05,0)  (0.02373299389,0)  (0.1428719322,0)  (0.9872454854,0)  (0.02913386967,0)  (-0.05934575573,0)
  (0.01351459276,0)  (0.001863416287,0)  (-0.000926800493,0)  (5.064864362e-07,0)  (1.535080387e-08,0)  (6.861417943e-08,0)  (4.065514035e-07,0)  (-0.0002201273797,0)  (0.111775862,0)  (-0.9816946905,0)  (0.1393854869,0)  (-0.05925290318,0)  (-0.0290228777,0)
  (0.0006879109144,0)  (0.001456065422,0)  (0.005205312825,0)  (4.2425173e-08,0)  (-8.875582485e-08,0)  (-3.983168293e-07,0)  (3.950550728e-08,0)  (0.0009723902611,0)  (-0.4937230679,0)  (-0.1106628797,0)  (0.01581376166,0)  (0.8364814563,0)  (0.2098503228,0)
  (-0.008948181362,0)  (-0.001454320543,0)  (-0.0001145934104,0)  (-1.613122622e-09,0)  (-3.358812717e-07,0)  (1.163711395e-07,0)  (-1.207272271e-09,0)  (-3.048425004e-06,0)  (0.001538424314,0)  (-0.004360474337,0)  (0.06594964662,0)  (-0.2436611248,0)  (0.9676045266,0)
  (-0.0007389832168,0)  (0.004022906328,0)  (0.003758548719,0)  (3.442900231e-09,0)  (7.656469315e-08,0)  (-1.396451133e-08,0)  (1.218190535e-08,0)  (0.001697693076,0)  (-0.862071101,0)  (-0.05998215614,0)  (0.03631262382,0)  (-0.4863829156,0)  (-0.1238550606,0)

