User:
ilsa8974
Hostname:
bnode0302.rc.int.colorado.edu
CPU info:
Architecture:          x86_64
CPU op-mode(s):        32-bit, 64-bit
Byte Order:            Little Endian
CPU(s):                28
On-line CPU(s) list:   0-27
Thread(s) per core:    1
Core(s) per socket:    14
Socket(s):             2
NUMA node(s):          2
Vendor ID:             GenuineIntel
CPU family:            6
Model:                 79
Model name:            Intel(R) Xeon(R) CPU E5-2680 v4 @ 2.40GHz
Stepping:              1
CPU MHz:               2899.968
Computation started at:
Mon May 24 17:45:12 MDT 2021
git commit: b183b861ee989460d41d142fe4edef4eeec4e5b7, branch: merged, compiled at: Thu May 13 17:11:20 MDT 2021

nproc used: 56 (NB: stochasticIter below is per proc)

**************************************************************
Input file  :
**************************************************************
{
    "wavefunction": {
        "name": "jastrowslater",
        "hfType": "ghf",
        "complex": "false",
        "fourBodyJastrow": "asAB2",
        "noENCusp": "true",
        "QmaxEEN": "0",
        "Qmax": "6"
    },
    "realspace": {
        "basis": "gto",
        "nalpha": "3",
        "nbeta": "1",
        "norbs": "13"
    },
    "sampling": {
        "rStepType": "spherical",
        "sampleEveryRt": "false",
        "stochasticIter": "5e4",
        "seed": "1"
    },
    "optimizer": {
        "fullrestart": "true",
        "optimizeorbs": "true",
        "optimizecicoeffs": "false",
        "optimizecps": "true",
        "method": "lm",
        "direct": "true",
        "hDiagShift": "0.1",
        "sDiagShift": "0.0",
        "decay": "0.1",
        "cgTol": "1.0e-3",
        "cgIter": "35",
        "dTol": "1.0e-3",
        "stepsizes": [
            "0.0",
            "0.01",
            "0.1",
            "1.0"
        ],
        "corrSampleFrac": "0.3",
        "sgdIter": "0",
        "maxIter": "15"
    },
    "print": {
        "vars": "true",
        "grad": "false"
    }
}

Number of Jastrow vars: 62
Number of Reference vars: 209
Number of Optimized vars: 271
    0    -5.40050527 (2.22e-04)     0.12061688      1.5      0.5    18.35    22.78    31.36 
    1    -5.40423254 (1.99e-04)     0.04741858      1.5      0.5    49.69    57.53    66.12 
    2    -5.40457929 (1.95e-04)     0.01079948      1.5      0.5    84.44   143.57   152.17 
    3    -5.40487246 (2.19e-04)     0.01228145      1.4      0.5   170.42   172.82   181.48 
    4    -5.40519289 (1.88e-04)     0.00928349      1.4      0.5   199.69   272.49   281.16 
    5    -5.40530606 (2.12e-04)     0.00953856      1.4      0.5   299.36   366.78   375.44 
    6    -5.40487860 (1.88e-04)     0.00986886      1.4      0.5   393.60   476.24   484.86 
    7    -5.40525344 (1.82e-04)     0.00971919      1.4      0.5   503.01   616.31   624.97 
    8    -5.40532579 (1.86e-04)     0.01139751      1.4      0.5   643.18   718.56   727.22 
    9    -5.40511758 (1.95e-04)     0.01000276      1.4      0.5   746.57   817.13   825.84 
   10    -5.40545650 (1.83e-04)     0.01043711      1.4      0.5   844.07   916.96   925.64 
   11    -5.40467543 (1.78e-04)     0.01115685      1.4      0.5   943.93  1027.07  1037.14 
   12    -5.40529885 (1.85e-04)     0.01384324      1.4      0.5  1055.40  1136.08  1144.70 
   13    -5.40505356 (1.90e-04)     0.00772921      1.4      0.5  1162.89  1306.89  1315.53 
   14    -5.40517304 (1.81e-04)     0.00796755      1.4      0.5  1333.78  1401.78  1410.47 

__rJastrow parameters__

EEsameSpin
0.25 0.101597136 0.3581273339 0.3028488234 0.03833943499 -0.307165325 

EEoppositeSpin
0.5 0.3552974363 0.2234847188 0.137461797 0.04571704773 -0.06302490922 

EN
4 | 0 -0.3581804781 -0.2441995319 -0.4217078698 -0.5354311995 -0.5208934515 

EENsameSpin
4 | 

EENoppositeSpin
4 | 

EENNlinear
0.005132768143 -0.0016580279 -0.001668059204 -0.001806680735 0.006090424716 -0.002970590604 -0.00284663473 -0.000273199263 
EENNquadratic
0.00887894889 0.001365236485 0.002359569022 0.009313905124 -0.03599441334 0.01458322541 0.01470397753 0.01697274644 
0.001365236485 -0.0004211376156 -0.004810412518 -0.005660716153 0.02719348648 -0.01246777607 -0.01199675929 -0.006045006848 
0.002359569022 -0.004810412518 -0.0007961418675 -0.005965228706 0.02728545226 -0.01221578283 -0.01236433389 -0.006041454068 
0.009313905124 -0.005660716153 -0.005965228706 -0.004264022521 0.01805802258 -0.007723210283 -0.007422692692 -0.006525481095 
-0.03599441334 0.02719348648 0.02728545226 0.01805802258 0.05067084417 -0.002649399184 -0.005374637517 -0.08113680232 
0.01458322541 -0.01246777607 -0.01221578283 -0.007723210283 -0.002649399184 -0.005268380674 -0.005173226429 0.01241820567 
0.01470397753 -0.01199675929 -0.01236433389 -0.007422692692 -0.005374637517 -0.005173226429 -0.003989935256 0.012834465 
0.01697274644 -0.006045006848 -0.006041454068 -0.006525481095 -0.08113680232 0.01241820567 0.012834465 0.02766886655 

rJastrow.txt
0.25  0.101597136  0.3581273339  0.3028488234  0.03833943499  -0.307165325  0.5  0.3552974363  0.2234847188  0.137461797  0.04571704773  -0.06302490922  0  -0.3581804781  -0.2441995319  -0.4217078698  -0.5354311995  -0.5208934515  0.005132768143  -0.0016580279  -0.001668059204  -0.001806680735  0.006090424716  -0.002970590604  -0.00284663473  -0.000273199263  0.00887894889  0.001365236485  -0.0004211376156  0.002359569022  -0.004810412518  -0.0007961418675  0.009313905124  -0.005660716153  -0.005965228706  -0.004264022521  -0.03599441334  0.02719348648  0.02728545226  0.01805802258  0.05067084417  0.01458322541  -0.01246777607  -0.01221578283  -0.007723210283  -0.002649399184  -0.005268380674  0.01470397753  -0.01199675929  -0.01236433389  -0.007422692692  -0.005374637517  -0.005173226429  -0.003989935256  0.01697274644  -0.006045006848  -0.006041454068  -0.006525481095  -0.08113680232  0.01241820567  0.012834465  0.02766886655  

CI-expansion
  1

DeterminantA
  (0.457068609,0)  (0.4306892688,0)  (0.0119972441,0)  (0.006806623798,0)  (0,0)  (0,0)  (0,0)  (0,0)  (0,0)  (0,0)  (0,0)  (0,0)  (0,0)  (0,0)  (0,0)  (0,0)  (0,0)  (0,0)  (0,0)  (0,0)  (0,0)  (0,0)  (0,0)  (0,0)  (0,0)  (0,0)
  (-0.02282431121,0)  (-0.02117875711,0)  (0.0005226825268,0)  (-0.0003418364045,0)  (0,0)  (0,0)  (0,0)  (0,0)  (0,0)  (0,0)  (0,0)  (0,0)  (0,0)  (0,0)  (0,0)  (0,0)  (0,0)  (0,0)  (0,0)  (0,0)  (0,0)  (0,0)  (0,0)  (0,0)  (0,0)  (0,0)
  (0.0238270621,0)  (0.04415670931,0)  (0.5897697693,0)  (1.108225316,0)  (0,0)  (0,0)  (0,0)  (0,0)  (0,0)  (0,0)  (0,0)  (0,0)  (0,0)  (0,0)  (0,0)  (0,0)  (0,0)  (0,0)  (0,0)  (0,0)  (0,0)  (0,0)  (0,0)  (0,0)  (0,0)  (0,0)
  (-0.01502673525,0)  (0.05550448066,0)  (1.024976046,0)  (-0.6637681035,0)  (0,0)  (0,0)  (0,0)  (0,0)  (0,0)  (0,0)  (0,0)  (0,0)  (0,0)  (0,0)  (0,0)  (0,0)  (0,0)  (0,0)  (0,0)  (0,0)  (0,0)  (0,0)  (0,0)  (0,0)  (0,0)  (0,0)
  (-0.02519676497,0)  (0.01378842735,0)  (-0.421707814,0)  (0.03966747947,0)  (0,0)  (0,0)  (0,0)  (0,0)  (0,0)  (0,0)  (0,0)  (0,0)  (0,0)  (0,0)  (0,0)  (0,0)  (0,0)  (0,0)  (0,0)  (0,0)  (0,0)  (0,0)  (0,0)  (0,0)  (0,0)  (0,0)
  (0.0007521490178,0)  (-0.0009699208785,0)  (0.01366894827,0)  (0.02824709323,0)  (0,0)  (0,0)  (0,0)  (0,0)  (0,0)  (0,0)  (0,0)  (0,0)  (0,0)  (0,0)  (0,0)  (0,0)  (0,0)  (0,0)  (0,0)  (0,0)  (0,0)  (0,0)  (0,0)  (0,0)  (0,0)  (0,0)
  (0.002311186574,0)  (-0.001005196163,0)  (0.02589257175,0)  (-0.01612199812,0)  (0,0)  (0,0)  (0,0)  (0,0)  (0,0)  (0,0)  (0,0)  (0,0)  (0,0)  (0,0)  (0,0)  (0,0)  (0,0)  (0,0)  (0,0)  (0,0)  (0,0)  (0,0)  (0,0)  (0,0)  (0,0)  (0,0)
  (0.008116120941,0)  (-0.008586919725,0)  (-0.01006330782,0)  (0.001181286557,0)  (0,0)  (0,0)  (0,0)  (0,0)  (0,0)  (0,0)  (0,0)  (0,0)  (0,0)  (0,0)  (0,0)  (0,0)  (0,0)  (0,0)  (0,0)  (0,0)  (0,0)  (0,0)  (0,0)  (0,0)  (0,0)  (0,0)
  (8.396447489e-05,0)  (-2.1868e-05,0)  (-1.125791402e-05,0)  (-0.0001777362791,0)  (0,0)  (0,0)  (0,0)  (0,0)  (0,0)  (0,0)  (0,0)  (0,0)  (0,0)  (0,0)  (0,0)  (0,0)  (0,0)  (0,0)  (0,0)  (0,0)  (0,0)  (0,0)  (0,0)  (0,0)  (0,0)  (0,0)
  (-0.001038599523,0)  (-0.001018835927,0)  (0.000125562758,0)  (0.0004522188121,0)  (0,0)  (0,0)  (0,0)  (0,0)  (0,0)  (0,0)  (0,0)  (0,0)  (0,0)  (0,0)  (0,0)  (0,0)  (0,0)  (0,0)  (0,0)  (0,0)  (0,0)  (0,0)  (0,0)  (0,0)  (0,0)  (0,0)
  (-0.002346260111,0)  (-0.00199139544,0)  (-6.131914061e-05,0)  (-0.00023211527,0)  (0,0)  (0,0)  (0,0)  (0,0)  (0,0)  (0,0)  (0,0)  (0,0)  (0,0)  (0,0)  (0,0)  (0,0)  (0,0)  (0,0)  (0,0)  (0,0)  (0,0)  (0,0)  (0,0)  (0,0)  (0,0)  (0,0)
  (-0.00055553934,0)  (-0.0006441658503,0)  (-0.0003514935323,0)  (0.0004202085047,0)  (0,0)  (0,0)  (0,0)  (0,0)  (0,0)  (0,0)  (0,0)  (0,0)  (0,0)  (0,0)  (0,0)  (0,0)  (0,0)  (0,0)  (0,0)  (0,0)  (0,0)  (0,0)  (0,0)  (0,0)  (0,0)  (0,0)
  (0.0002799096213,0)  (0.0001699951638,0)  (-8.209250975e-05,0)  (4.418437165e-05,0)  (0,0)  (0,0)  (0,0)  (0,0)  (0,0)  (0,0)  (0,0)  (0,0)  (0,0)  (0,0)  (0,0)  (0,0)  (0,0)  (0,0)  (0,0)  (0,0)  (0,0)  (0,0)  (0,0)  (0,0)  (0,0)  (0,0)
  (0.9099258625,0)  (-1.114608847,0)  (0.0004874099258,0)  (-0.004525513178,0)  (0,0)  (0,0)  (0,0)  (0,0)  (0,0)  (0,0)  (0,0)  (0,0)  (0,0)  (0,0)  (0,0)  (0,0)  (0,0)  (0,0)  (0,0)  (0,0)  (0,0)  (0,0)  (0,0)  (0,0)  (0,0)  (0,0)
  (-0.007402714963,0)  (0.01651674528,0)  (-0.01536142335,0)  (-0.003931894083,0)  (0,0)  (0,0)  (0,0)  (0,0)  (0,0)  (0,0)  (0,0)  (0,0)  (0,0)  (0,0)  (0,0)  (0,0)  (0,0)  (0,0)  (0,0)  (0,0)  (0,0)  (0,0)  (0,0)  (0,0)  (0,0)  (0,0)
  (-0.3182152731,0)  (-0.2958856717,0)  (0.08543029099,0)  (0.05587638381,0)  (0,0)  (0,0)  (0,0)  (0,0)  (0,0)  (0,0)  (0,0)  (0,0)  (0,0)  (0,0)  (0,0)  (0,0)  (0,0)  (0,0)  (0,0)  (0,0)  (0,0)  (0,0)  (0,0)  (0,0)  (0,0)  (0,0)
  (-0.7327002859,0)  (-0.6841100939,0)  (0.1150376671,0)  (-0.005643199607,0)  (0,0)  (0,0)  (0,0)  (0,0)  (0,0)  (0,0)  (0,0)  (0,0)  (0,0)  (0,0)  (0,0)  (0,0)  (0,0)  (0,0)  (0,0)  (0,0)  (0,0)  (0,0)  (0,0)  (0,0)  (0,0)  (0,0)
  (-2.130594872,0)  (-2.010373281,0)  (-0.04462915292,0)  (0.0373166679,0)  (0,0)  (0,0)  (0,0)  (0,0)  (0,0)  (0,0)  (0,0)  (0,0)  (0,0)  (0,0)  (0,0)  (0,0)  (0,0)  (0,0)  (0,0)  (0,0)  (0,0)  (0,0)  (0,0)  (0,0)  (0,0)  (0,0)
  (0.09288694198,0)  (0.08536667892,0)  (-0.05084681292,0)  (-0.04458614659,0)  (0,0)  (0,0)  (0,0)  (0,0)  (0,0)  (0,0)  (0,0)  (0,0)  (0,0)  (0,0)  (0,0)  (0,0)  (0,0)  (0,0)  (0,0)  (0,0)  (0,0)  (0,0)  (0,0)  (0,0)  (0,0)  (0,0)
  (0.2245282704,0)  (0.2098587371,0)  (-0.02516853725,0)  (0.001044173151,0)  (0,0)  (0,0)  (0,0)  (0,0)  (0,0)  (0,0)  (0,0)  (0,0)  (0,0)  (0,0)  (0,0)  (0,0)  (0,0)  (0,0)  (0,0)  (0,0)  (0,0)  (0,0)  (0,0)  (0,0)  (0,0)  (0,0)
  (0.5793320302,0)  (0.5478264344,0)  (0.01685563293,0)  (-0.03361930853,0)  (0,0)  (0,0)  (0,0)  (0,0)  (0,0)  (0,0)  (0,0)  (0,0)  (0,0)  (0,0)  (0,0)  (0,0)  (0,0)  (0,0)  (0,0)  (0,0)  (0,0)  (0,0)  (0,0)  (0,0)  (0,0)  (0,0)
  (-0.003197081107,0)  (-0.01230144661,0)  (-0.2068472339,0)  (-0.1726291373,0)  (0,0)  (0,0)  (0,0)  (0,0)  (0,0)  (0,0)  (0,0)  (0,0)  (0,0)  (0,0)  (0,0)  (0,0)  (0,0)  (0,0)  (0,0)  (0,0)  (0,0)  (0,0)  (0,0)  (0,0)  (0,0)  (0,0)
  (0.01524236578,0)  (-0.02886692699,0)  (-0.5263307767,0)  (0.3923461601,0)  (0,0)  (0,0)  (0,0)  (0,0)  (0,0)  (0,0)  (0,0)  (0,0)  (0,0)  (0,0)  (0,0)  (0,0)  (0,0)  (0,0)  (0,0)  (0,0)  (0,0)  (0,0)  (0,0)  (0,0)  (0,0)  (0,0)
  (0.008882854383,0)  (0.005183514048,0)  (0.4504338532,0)  (-0.06060221823,0)  (0,0)  (0,0)  (0,0)  (0,0)  (0,0)  (0,0)  (0,0)  (0,0)  (0,0)  (0,0)  (0,0)  (0,0)  (0,0)  (0,0)  (0,0)  (0,0)  (0,0)  (0,0)  (0,0)  (0,0)  (0,0)  (0,0)
  (-0.01223046463,0)  (-0.02535238946,0)  (-0.3144967594,0)  (-0.6735971148,0)  (0,0)  (0,0)  (0,0)  (0,0)  (0,0)  (0,0)  (0,0)  (0,0)  (0,0)  (0,0)  (0,0)  (0,0)  (0,0)  (0,0)  (0,0)  (0,0)  (0,0)  (0,0)  (0,0)  (0,0)  (0,0)  (0,0)
  (-0.009956539209,0)  (0.001764847682,0)  (0.1553295456,0)  (-0.2274107444,0)  (0,0)  (0,0)  (0,0)  (0,0)  (0,0)  (0,0)  (0,0)  (0,0)  (0,0)  (0,0)  (0,0)  (0,0)  (0,0)  (0,0)  (0,0)  (0,0)  (0,0)  (0,0)  (0,0)  (0,0)  (0,0)  (0,0)

