User:
ilsa8974
Hostname:
shas0219.rc.int.colorado.edu
CPU info:
Architecture:          x86_64
CPU op-mode(s):        32-bit, 64-bit
Byte Order:            Little Endian
CPU(s):                24
On-line CPU(s) list:   0-23
Thread(s) per core:    1
Core(s) per socket:    12
Socket(s):             2
NUMA node(s):          2
Vendor ID:             GenuineIntel
CPU family:            6
Model:                 63
Model name:            Intel(R) Xeon(R) CPU E5-2680 v3 @ 2.50GHz
Stepping:              2
CPU MHz:               2494.036
Computation started at:
Thu Apr 15 09:13:09 MDT 2021
git commit: d4a3c08474d1d7e70f0ddeff1f7b9fa20258dbb5, branch: merged, compiled at: Wed Apr 14 16:04:02 MDT 2021

nproc used: 120 (NB: stochasticIter below is per proc)

**************************************************************
Input file  :
**************************************************************
{
    "wavefunction": {
        "name": "jastrowslater",
        "hfType": "ghf",
        "complex": "false",
        "fourBodyJastrow": "asAB2",
        "noENCusp": "true",
        "QmaxEEN": "0",
        "Qmax": "6"
    },
    "realspace": {
        "basis": "gto",
        "pseudo": "6",
        "nalpha": "15",
        "nbeta": "15",
        "norbs": "108"
    },
    "sampling": {
        "rStepType": "spherical",
        "sampleEveryRt": "true",
        "stochasticIter": "5e4",
        "seed": "1"
    },
    "optimizer": {
        "fullrestart": "false",
        "optimizeorbs": "false",
        "optimizecicoeffs": "false",
        "optimizecps": "true",
        "method": "lm",
        "direct": "true",
        "hDiagShift": "0.1",
        "sDiagShift": "0.0",
        "decay": "0.1",
        "cgTol": "1.0e-3",
        "cgIter": "35",
        "dTol": "1.0e-3",
        "stepsizes": [
            "0.0",
            "0.01",
            "0.1",
            "1.0"
        ],
        "stepsize": "0.0",
        "corrSampleFrac": "0.3",
        "sgdIter": "1",
        "maxIter": "15"
    },
    "print": {
        "vars": "true",
        "grad": "false"
    }
}

Number of Jastrow vars: 1914
Number of Reference vars: 12961
Number of Optimized vars: 1914
    0   -37.49096837 (6.02e-04)     0.33204875      2.3      0.4  1641.76  1641.76  1641.76 
    1   -37.49097321 (6.03e-04)     0.33225202      2.3      0.4  3932.27  3963.47  5444.35 
    2   -37.51275383 (5.73e-04)     0.06643939      2.0      0.4  7730.72  7961.82  9436.59 
    3   -37.52136882 (5.55e-04)     0.09766461      2.0      0.4 11723.60 11859.76 13329.63 
    4   -37.52227230 (5.50e-04)     0.01159685      2.0      0.4 16273.63 16967.81 18446.75 
    5   -37.52366811 (5.64e-04)     0.01303966      2.0      0.4 21368.22 22058.71 23537.26 
    6   -37.52319514 (5.55e-04)     0.10401512      2.0      0.4 25822.67 26119.64 27589.71 
    7   -37.52326130 (5.50e-04)     0.01382013      2.0      0.4 30516.36 30577.14 32045.29 
    8   -37.52305399 (5.51e-04)     0.01368621      2.0      0.4 34981.25 35120.45 36590.59 
    9   -37.52305142 (5.55e-04)     0.01421096      2.0      0.4 39524.12 40080.80 41550.18 
   10   -37.52368963 (5.45e-04)     0.01317654      2.0      0.4 44485.08 45317.55 46791.42 
   11   -37.52296909 (5.53e-04)     0.01143185      2.0      0.4 49725.38 49982.50 51448.53 
   12   -37.52287534 (5.55e-04)     0.01331188      2.0      0.4 54377.87 54437.29 55904.97 
   13   -37.52275777 (5.53e-04)     0.01224738      2.0      0.4 58831.35 59530.66 60995.47 
   14   -37.52381848 (5.56e-04)     0.01144728      2.0      0.4 63924.60 63983.07 65450.74 

__rJastrow parameters__

EEsameSpin
0.25 -0.1365246526 0.9548850762 -0.1201890385 -0.7209288272 0.4389055718 

EEoppositeSpin
0.5 -0.06420940665 1.423508929 -0.5561854256 -1.425253738 1.004569979 

EN
4 | 0 -0.2557645101 0.85787149 -2.335851576 -1.99676722 2.134677168 
1 | 0 -0.6351324335 0.2712199577 0.8746758082 -0.004007326019 -1.201123465 

EENsameSpin
4 | 
1 | 

EENoppositeSpin
4 | 
1 | 

EENNlinear
-0.001198930259 0.0003921941048 0.0005169038707 0.0003178243712 4.576678358e-05 -0.001145321108 0.0004463033454 0.0004122841567 0.0002969775892 -4.207159783e-05 -0.001059105036 0.0004668531314 0.0003742987037 0.0002759643538 -5.048623705e-05 -0.001180177279 0.000352742755 0.0005197366499 0.0002997308788 -4.193875578e-05 -0.001210302979 0.0004493913674 0.0003708537987 0.0002904753277 2.375766282e-06 -0.001043866942 0.0004741411612 0.0004019047412 0.0002958614948 -2.582113716e-05 -0.001157734473 0.0003594115492 0.0004708005576 0.0002057472032 -6.344508251e-05 -0.001118903867 0.0004761381821 0.0003873119325 0.0002633668602 4.357950642e-05 -0.001040972045 0.000463519977 0.0004130117577 0.0002737067553 -8.338872967e-06 -0.001185560749 0.00035074072 0.0004853066895 0.0002410764774 1.574542449e-05 -0.001062365699 0.0004665235753 0.000412743192 0.0002624999454 3.118992348e-05 -0.001095942953 0.0004690595506 0.0004071722258 0.0002527238553 -1.426157247e-05 
EENNquadratic
-0.06783000374 0.02193026816 0.01006559169 -0.04285607016 0.009396010315 -0.01511369741 0.003234396585 0.0007280452815 0.005434163242 0.005547168257 0.01119744159 0.006781268879 0.006878429679 0.005281482928 0.003240644579 0.01347389671 0.007172142414 0.007045504403 0.006666293046 0.003779562199 0.006869168552 0.007550423357 0.007927008899 0.007791903563 0.002922744291 -0.02095217886 0.006624907475 0.003454029044 0.006629195022 0.0009927634037 0.07679503751 -0.1105730581 -0.1061559839 -0.09518074381 -0.008259651045 -0.02661944086 0.007739187202 0.00572834737 0.0105149879 0.00355637564 0.00860249887 0.01067332089 0.01324877965 0.0148466006 0.0114089694 0.01541398952 0.01798805074 0.0162978966 0.01922340841 0.01965861262 0.004698455478 0.01448110059 0.01436327698 0.01607361266 0.01451981241 -0.01540694477 0.003520109938 -0.0001185179963 0.004529080526 0.002465183037 
0.02193026816 -0.055826949 -0.04525398249 -0.03224506726 0.009498881697 0.003247744775 0.01279501753 0.01115378816 0.007032100285 -0.0009788580586 0.007650665058 0.006823019501 0.01095583079 0.008497129956 0.001416976906 0.006104005957 0.0122516331 0.008402504638 0.008589727389 4.335758592e-05 0.008676314765 0.007256714895 0.01123993457 0.006230436133 0.0002347951596 0.00224377359 0.01216395358 0.01134515025 0.006165822806 -5.097431162e-05 -0.1087011678 -0.01811373409 -0.01800584981 -0.03045067766 -0.005471528636 0.006636433327 -0.001408131198 0.002426356355 -0.003152796305 -0.0009403566978 0.01526131779 0.009881296096 0.009212389008 0.007963880875 0.008826914761 0.01959459489 0.01525629251 0.01287945517 0.01587475432 0.01137686823 0.01395555564 0.01106061417 0.01116418278 0.01077293215 0.008600954819 0.002793809771 0.0004647294041 0.003946094449 0.0002263155668 -0.0001650105256 
0.01006559169 -0.04525398249 -0.03545941323 -0.02516347426 0.00786594612 0.003043295057 0.01129294236 0.01156472605 0.005814653143 -0.000455894899 0.007881453806 0.003741446323 0.007280593306 0.006678681104 -1.36283677e-05 0.007094242158 0.008330929489 0.006535368261 0.006925404806 0.0004414769614 0.008082813612 0.003774322066 0.007328334509 0.004726120152 -0.0005474831003 0.004093978882 0.009768436026 0.01039941187 0.004700168288 0.000427899066 -0.1059685403 -0.01648642864 -0.01748545918 -0.02823809297 -0.01201314468 0.007390050501 0.001430626776 0.0003418472806 -0.002786735763 -0.001440388699 0.0122353136 0.009807864117 0.009917250385 0.009788565849 0.01051857037 0.01604704029 0.01406068247 0.01543658292 0.01807779498 0.01331394274 0.01306521009 0.009447154094 0.009561187417 0.01059689771 0.009717934882 0.002587902575 0.003317253479 0.002680046453 0.0009213603964 -0.0003370421571 
-0.04285607016 -0.03224506726 -0.02516347426 -0.0006642218684 -0.002147874321 0.006621226793 0.006312487328 0.004302535281 0.001366991723 -0.002705183656 0.006868815173 0.005654303202 0.008292090976 0.007640982118 0.0008649320885 0.007471233129 0.00798217694 0.00565793607 0.005421405797 -0.0009433701057 0.007410300852 0.005294006522 0.007753004153 0.005881098523 -0.0001016999117 0.005485203432 0.006308341358 0.004742164942 0.0007901500606 -0.001095051957 -0.09628210511 -0.02945137916 -0.02936689174 -0.03929599819 -0.01548308051 0.008704861871 -0.002388895674 -0.0009418613798 0.001207571887 -0.001199687887 0.01462396836 0.01093151188 0.01026722612 0.01068965198 0.0113060316 0.0201114022 0.01608029319 0.01629760253 0.02007797491 0.01480595879 0.01426793208 0.01116060375 0.01109297037 0.01259342314 0.009532890778 0.003384335836 0.000108324129 0.001637349306 0.005288920915 -0.0002261414077 
0.009396010315 0.009498881697 0.00786594612 -0.002147874321 -0.002622696224 0.004852935909 0.0008689505125 -0.002993524918 -0.002333216047 -0.00491805436 0.00326573563 0.0001278119172 0.002043572656 0.0009861791231 -0.006564944831 0.003336490801 -0.0002457919589 -0.001300270632 -0.001628501729 -0.00678875186 0.003745033582 -0.0001897036091 0.001927693268 -0.0001610318006 -0.007483931126 0.001812915689 0.002249037467 -0.001523874014 -0.001389155949 -0.005692982749 -0.008044484862 -0.006448133239 -0.01333852731 -0.01776366349 -0.1245590664 0.002559744978 -0.002368941428 -0.002632336804 -0.002816082666 -0.003926432434 0.01237907255 0.01035084185 0.009895983297 0.01137312116 0.008166710105 0.01763147223 0.01315360232 0.01392668215 0.01622659409 0.01393723296 0.01345849888 0.01114381055 0.009396201173 0.01071826145 0.009988976409 0.002893892129 -0.000817775618 -0.001739570668 -0.0002789573594 -0.00109644852 
-0.01511369741 0.003247744775 0.003043295057 0.006621226793 0.004852935909 -0.06700758014 0.01245128223 0.01664915673 -0.04386794531 0.010962786 -0.01817382788 0.003609891951 0.003724770225 0.006747933582 0.002527509742 0.01124647311 0.00679299926 0.006939233805 0.007078714628 0.002827781523 0.009957050181 0.007875604045 0.008473713874 0.008024871948 0.003060795382 0.01292986883 0.006328943371 0.002974719907 0.004620911388 0.003240689066 -0.02071820135 0.003938110093 0.005095346127 0.005669096312 0.001905728026 0.07752472495 -0.1076334689 -0.1094964361 -0.09885165932 -0.007492943107 -0.02605722968 0.004263164681 0.007636059535 0.00699165006 0.002026842373 0.009995338648 0.01559985754 0.01398695958 0.01613805751 0.01237739638 0.0180267405 0.01717462633 0.01864726491 0.01978948846 0.01749914498 0.009343562766 0.01167235338 0.01266715875 0.01442851633 0.01349294613 
0.003234396585 0.01279501753 0.01129294236 0.006312487328 0.0008689505125 0.01245128223 -0.04225672969 -0.04255674981 -0.02771745756 0.008746716031 0.001820921528 0.01034604812 0.01053270572 0.004192686047 -3.138117761e-05 0.006784416298 0.008722324098 0.005179933811 0.006316557713 0.0008775659597 0.008077740115 0.006991566232 0.008821615824 0.006413379155 -0.0003382787676 0.003713357676 0.007444623975 0.008796360609 0.008132213221 -0.0003221412963 0.006458249371 -0.0008474207239 0.002184777153 -0.001079557541 -0.001253559561 -0.1072181154 -0.01704741695 -0.01570109916 -0.02845184668 -0.00897155961 0.005577697881 0.004867955854 0.0008624548607 0.001371517276 -0.001341148534 0.01308418299 0.009309470535 0.0079950879 0.009283374307 0.00908554889 0.01761185621 0.01382628946 0.01362370211 0.01628395277 0.014185779 0.01199293168 0.01032214224 0.008529813579 0.01027812186 0.008562956659 
0.0007280452815 0.01115378816 0.01156472605 0.004302535281 -0.002993524918 0.01664915673 -0.04255674981 -0.04953665014 -0.03050606398 0.008803043181 0.003797545471 0.009855752792 0.01392573404 0.007248476857 0.003178681058 0.008063897603 0.01113797382 0.007953324892 0.008248068068 0.002550078182 0.009961782949 0.007253546819 0.009087323659 0.006387201183 -0.0006121895131 0.003190626982 0.007128826556 0.008849754459 0.007788689081 -0.0006991903051 0.0003073523717 0.004312778855 0.002775276602 0.001532415202 -0.002375312228 -0.1100057772 -0.01475134667 -0.01745098748 -0.02852960024 -0.006336406431 0.007649494136 0.0003676865161 -0.001130760508 -0.001700298424 -0.001924844904 0.0137847134 0.009693701825 0.008524142909 0.009133990093 0.009657550437 0.01810500162 0.0142139246 0.01401445087 0.01619331736 0.01367427596 0.01337890478 0.009835658571 0.01039233511 0.01018221559 0.008843735053 
0.005434163242 0.007032100285 0.005814653143 0.001366991723 -0.002333216047 -0.04386794531 -0.02771745756 -0.03050606398 -0.001715858048 -0.002131775621 0.004740471469 0.00379542492 0.007613634195 0.001257966065 -0.0009494722135 0.006048041645 0.008305214144 0.005968613192 0.007341689413 0.001305238746 0.008907153046 0.006676926582 0.007019194892 0.00554200493 -0.001509005908 0.006664365473 0.005941947645 0.007479705564 0.007011245791 8.835328301e-05 0.006477278186 8.250990248e-05 0.0001428482245 0.004582399789 -0.001508564902 -0.09656209327 -0.02853358149 -0.02912668086 -0.03808644461 -0.01524223531 0.008449370808 0.0002399488214 -0.00250122937 0.00373385539 -0.001310539848 0.01388028348 0.009263296581 0.01065109242 0.01043674968 0.009880162999 0.01952077874 0.01671006196 0.01550113814 0.02013910712 0.01625422856 0.01534538629 0.0106543565 0.009400044763 0.01099886104 0.009436439056 
0.005547168257 -0.0009788580586 -0.000455894899 -0.002705183656 -0.00491805436 0.010962786 0.008746716031 0.008803043181 -0.002131775621 -0.008553898796 0.00324566509 -0.0009254598525 0.001931245239 -0.0007081271035 -0.003050214342 0.003916317981 0.001347915668 -4.052936604e-06 0.00117628518 -0.005982720759 0.004089325501 -0.0002829255511 0.001131007739 -0.0006100158812 -0.005887869483 0.002924578391 -0.0004234966864 -0.0009196396853 -0.00113136583 -0.006859301396 0.001649214072 -0.0004695186517 -0.001062126894 -0.0005299377724 -0.00293179761 -0.007082378427 -0.01043419649 -0.007420485197 -0.01701806276 -0.1232021972 0.0005205873543 -0.00138331762 -0.001620047514 -0.001754058669 -0.003450734499 0.01297660402 0.008506700155 0.009648967749 0.009453222036 0.008124720087 0.01746445565 0.01379537042 0.01318390981 0.01505905243 0.01228200414 0.01343933375 0.0104431369 0.009742755706 0.01140233837 0.009405369869 
0.01119744159 0.007650665058 0.007881453806 0.006868815173 0.00326573563 -0.01817382788 0.001820921528 0.003797545471 0.004740471469 0.00324566509 -0.06484308804 0.01222186415 0.01603552511 -0.04379180769 0.0125975292 -0.0150162687 0.003912336207 0.001578137993 0.006157888873 0.002969899257 0.009064769379 0.008221307767 0.006292243799 0.006040074972 0.004274843203 0.009692191916 0.006375848184 0.009089417648 0.007450116586 0.002451076632 0.009126493578 0.0142501566 0.01100179927 0.01293801488 0.01297458115 -0.02405158912 0.004271685163 0.008533300288 0.007532213422 0.005079496481 0.07180416502 -0.1042393204 -0.1081543946 -0.09392733333 -0.007564770795 -0.02721975939 0.005685902042 0.007130180305 0.007001484644 0.005456192751 0.002560127845 0.01372704015 0.01537468095 0.01510849787 0.0119424471 0.01890667073 0.01653660098 0.01825633077 0.02080960273 0.01737550706 
0.006781268879 0.006823019501 0.003741446323 0.005654303202 0.0001278119172 0.003609891951 0.01034604812 0.009855752792 0.00379542492 -0.0009254598525 0.01222186415 -0.03982207814 -0.04188991346 -0.0263074085 0.009159818358 0.003368900907 0.01208371582 0.01111254962 0.006822745846 0.002212648074 0.006464501124 0.007394684715 0.007636629372 0.007202208111 8.257491579e-07 0.007223778624 0.007045387253 0.007268827674 0.005613785864 -0.0007950692623 0.01154367446 0.009561660444 0.009604541569 0.01058915006 0.009127428221 0.002788563552 0.00590987443 0.001629895615 0.001638424703 -0.001613476693 -0.1043520605 -0.01989396718 -0.01727046111 -0.02999620049 -0.01030256634 0.006981955661 -0.0009802784419 0.002688441045 -0.001081305911 -0.0009020269599 0.01454797263 0.008642428097 0.007668012334 0.009819424588 0.009915487884 0.01751728491 0.01490779921 0.01485230547 0.01698276549 0.0134813969 
0.006878429679 0.01095583079 0.007280593306 0.008292090976 0.002043572656 0.003724770225 0.01053270572 0.01392573404 0.007613634195 0.001931245239 0.01603552511 -0.04188991346 -0.05004959786 -0.03020407925 0.009250357834 0.001894775664 0.01012761881 0.01148546306 0.003750061039 -0.002165441587 0.006809323047 0.007090366384 0.008189993251 0.006753547626 -0.0003776136029 0.009416892842 0.007564184209 0.007793944543 0.006761471928 -0.0001366551978 0.0138327135 0.008743067829 0.009631671363 0.009339870663 0.009002918014 0.007605786534 0.001214601796 -0.0005327933901 -0.001175790308 -0.0009353642687 -0.1063376464 -0.01757022961 -0.01919039473 -0.03100344447 -0.006263907933 0.0050022901 0.002955567749 0.0006675058354 0.0002756709149 -0.003425480165 0.01442179122 0.008829441997 0.009530644642 0.009290749523 0.009108617634 0.01750455448 0.01481934585 0.01564313309 0.01735283175 0.01289179481 
0.005281482928 0.008497129956 0.006678681104 0.007640982118 0.0009861791231 0.006747933582 0.004192686047 0.007248476857 0.001257966065 -0.0007081271035 -0.04379180769 -0.0263074085 -0.03020407925 -0.0009439955235 -0.001726058875 0.004914589599 0.005405252345 0.004808123928 0.0004883161431 -0.00220256987 0.004798693074 0.007764059963 0.007184197364 0.008489265912 -0.0001753745536 0.009486411787 0.0055849644 0.005341782504 0.004336392146 -0.00185259833 0.01655226203 0.007886552369 0.01078298178 0.01027051583 0.01108897773 0.007936872351 0.000979948367 -0.002106902089 0.004316901403 -0.001037802454 -0.09398320011 -0.03100448761 -0.03008635918 -0.04034182038 -0.01647814857 0.007552362135 -0.0004953350786 3.46595343e-05 0.004845922202 -0.001973066825 0.01605257653 0.009956050157 0.008708945871 0.01107163466 0.01081688336 0.01905502083 0.01722933536 0.01617063642 0.01976729948 0.01470812208 
0.003240644579 0.001416976906 -1.36283677e-05 0.0008649320885 -0.006564944831 0.002527509742 -3.138117761e-05 0.003178681058 -0.0009494722135 -0.003050214342 0.0125975292 0.009159818358 0.009250357834 -0.001726058875 -0.006497240249 0.002532022947 0.0002180616105 0.0005065761966 -0.000389888889 -0.005947184348 0.002860255748 -4.268797619e-05 -0.001043686138 -0.0008611855598 -0.006349186514 0.003468769215 -0.001953007859 -0.001093798646 -0.002232918954 -0.008093166536 0.01149978527 0.009180970664 0.01033477817 0.01059931542 0.009140511365 0.003773514217 -0.0006630375644 -0.0008413465109 -0.0003536226109 -0.001938190797 -0.005802375436 -0.01113050543 -0.007583902422 -0.0170951552 -0.1238496854 0.001617602551 -0.001523017029 -0.001721868953 -0.00217653638 -0.001712167783 0.01150797122 0.00949444865 0.008865776339 0.009870842114 0.009460880408 0.01634281975 0.01310292889 0.01312964257 0.01565514374 0.01130029689 
0.01347389671 0.006104005957 0.007094242158 0.007471233129 0.003336490801 0.01124647311 0.006784416298 0.008063897603 0.006048041645 0.003916317981 -0.0150162687 0.003368900907 0.001894775664 0.004914589599 0.002532022947 -0.06680991461 0.02144498703 0.007764285592 -0.04473382649 0.01190890367 -0.006072413589 0.0006348571595 -0.002746235827 0.002416646901 0.003674516989 0.009943571517 0.007006736264 0.005771143125 0.006832151647 0.003134347906 0.01736246805 0.01815406895 0.01667096786 0.01678473901 0.01598808066 0.02004623579 0.01082173092 0.009441211342 0.01035623559 0.01102500744 -0.02459917182 0.006966405267 0.004090001255 0.007689140624 0.00401140868 0.07777457715 -0.1103864809 -0.1060755761 -0.09686911388 -0.006231121749 -0.03205135364 0.01259103708 0.006501002154 0.01056862923 0.002034037507 0.008482543096 0.01391533452 0.01384532639 0.01298451493 0.01270102027 
0.007172142414 0.0122516331 0.008330929489 0.00798217694 -0.0002457919589 0.00679299926 0.008722324098 0.01113797382 0.008305214144 0.001347915668 0.003912336207 0.01208371582 0.01012761881 0.005405252345 0.0002180616105 0.02144498703 -0.05657856122 -0.04495926558 -0.03321757911 0.007372601546 9.70915795e-05 0.013697924 0.01198970453 0.00746092455 4.220503846e-05 0.008471473805 0.007640372284 0.01097787212 0.007696095343 0.00148062984 0.01821044706 0.01576754723 0.01435468046 0.01697007124 0.01355220493 0.01173829566 0.00955305738 0.01016789027 0.01068826226 0.00811237896 0.006086347401 -0.0003969305994 0.003154666162 -0.0004782621149 -0.002037803786 -0.1094411497 -0.01752714889 -0.01577650557 -0.02947254379 -0.004371037185 0.007953052171 -0.003413332898 0.002430606293 -0.00224825058 -0.001619106124 0.01476221175 0.007835452263 0.00944601679 0.009661815981 0.006919618314 
0.007045504403 0.008402504638 0.006535368261 0.00565793607 -0.001300270632 0.006939233805 0.005179933811 0.007953324892 0.005968613192 -4.052936604e-06 0.001578137993 0.01111254962 0.01148546306 0.004808123928 0.0005065761966 0.007764285592 -0.04495926558 -0.03346129369 -0.02463073508 0.006564808983 0.0004388470174 0.01127029209 0.01221455855 0.005239255939 0.0006900377602 0.007192059051 0.00436949181 0.007654490869 0.006016899072 0.0008221751545 0.01718944277 0.01377008339 0.01450627713 0.01729615375 0.01386099715 0.006333631452 0.009775607631 0.01097182777 0.01379686155 0.00917180131 0.0065574742 0.002445832129 0.001787271215 -7.415557983e-05 -0.001792654498 -0.1045176544 -0.0158259826 -0.01629298589 -0.02796338277 -0.0107147987 0.009150947343 -0.0001982869406 0.0005406663755 -0.001443871761 -0.0006611202937 0.01270415142 0.007518344919 0.008389145691 0.01052968852 0.008782034222 
0.006666293046 0.008589727389 0.006925404806 0.005421405797 -0.001628501729 0.007078714628 0.006316557713 0.008248068068 0.007341689413 0.00117628518 0.006157888873 0.006822745846 0.003750061039 0.0004883161431 -0.000389888889 -0.04473382649 -0.03321757911 -0.02463073508 -0.0008878598443 -0.003947178005 0.002841595717 0.007395355849 0.005070026528 0.001671197059 -0.001572049866 0.007374790726 0.005526723337 0.008117022895 0.006496320359 0.001409943695 0.01928671236 0.01627630087 0.01643646633 0.02021430875 0.01617144163 0.009702787563 0.0116817726 0.01118043544 0.01356333801 0.009830967685 0.006226263063 0.0002873949794 0.001062359349 0.005276158125 -0.001963848224 -0.09623138876 -0.02902189048 -0.02734540992 -0.0385765919 -0.01666391633 0.01041987317 -0.003242960871 -0.0004137970906 0.002141381202 -0.001171813965 0.01494698244 0.00860700209 0.01002365356 0.01164088461 0.00864646608 
0.003779562199 4.335758592e-05 0.0004414769614 -0.0009433701057 -0.00678875186 0.002827781523 0.0008775659597 0.002550078182 0.001305238746 -0.005982720759 0.002969899257 0.002212648074 -0.002165441587 -0.00220256987 -0.005947184348 0.01190890367 0.007372601546 0.006564808983 -0.003947178005 -0.005472156239 0.003524056488 0.0008698973871 -0.002704083445 -0.002124177785 -0.00460027891 0.004715873077 -0.0004233213608 0.0009854898967 9.880518593e-05 -0.005534800336 0.01386994605 0.01382696552 0.01533638275 0.01620411336 0.01280981958 0.01260406038 0.009310916501 0.008066791839 0.009991032086 0.007763199835 0.005544682529 -0.0005358941244 -0.001467367558 -0.001780323689 -0.00328166214 -0.007119700497 -0.00386747355 -0.01039624085 -0.01550349647 -0.1234927793 0.002608839784 -0.002488842388 -0.002154261722 -0.001738868563 -0.002592863684 0.0113360792 0.00885807172 0.009416959626 0.01081759412 0.006794797694 
0.006869168552 0.008676314765 0.008082813612 0.007410300852 0.003745033582 0.009957050181 0.008077740115 0.009961782949 0.008907153046 0.004089325501 0.009064769379 0.006464501124 0.006809323047 0.004798693074 0.002860255748 -0.006072413589 9.70915795e-05 0.0004388470174 0.002841595717 0.003524056488 -0.07009237763 0.01384502622 0.020088643 -0.04271639943 0.009970751495 -0.01519164754 0.001080683702 0.002661641188 0.004907618455 0.002627497026 0.01096319163 0.01284957302 0.01169817328 0.01409047648 0.01414144892 0.0158515796 0.01976807033 0.01881782332 0.02006618316 0.01573993195 0.003665302499 0.01457849405 0.01423874977 0.01641218146 0.01432421621 -0.02765319526 0.008092182826 0.004737404321 0.007658950019 0.00204794263 0.07272614276 -0.1063367489 -0.1076802244 -0.09608093666 -0.009456819116 -0.02674009984 0.003882735889 0.009463215835 0.008033610178 0.003792658626 
0.007550423357 0.007256714895 0.003774322066 0.005294006522 -0.0001897036091 0.007875604045 0.006991566232 0.007253546819 0.006676926582 -0.0002829255511 0.008221307767 0.007394684715 0.007090366384 0.007764059963 -4.268797619e-05 0.0006348571595 0.013697924 0.01127029209 0.007395355849 0.0008698973871 0.01384502622 -0.04108535217 -0.04364805931 -0.02680857894 0.009019750538 0.001545576992 0.01154424342 0.01077578915 0.004994759747 -0.002111154131 0.01338201482 0.009273764476 0.008216627395 0.01013001431 0.008781618328 0.01806713338 0.0136788794 0.01404674933 0.01678991088 0.01386873342 0.01748928859 0.008946397945 0.007857733177 0.009799926869 0.01011134359 0.009009972521 -0.001633602873 0.002472685671 -0.001151600835 -0.000932293803 -0.1049649905 -0.01876091894 -0.01724736583 -0.02991946278 -0.01076575212 0.00434156458 0.005156572904 0.0001098437956 -0.0006011322969 -0.002070572039 
0.007927008899 0.01123993457 0.007328334509 0.007753004153 0.001927693268 0.008473713874 0.008821615824 0.009087323659 0.007019194892 0.001131007739 0.006292243799 0.007636629372 0.008189993251 0.007184197364 -0.001043686138 -0.002746235827 0.01198970453 0.01221455855 0.005070026528 -0.002704083445 0.020088643 -0.04364805931 -0.05272869701 -0.03125418357 0.009234042522 0.004516882695 0.01084980091 0.01482568112 0.007716610371 0.001459842311 0.0121717716 0.01036032192 0.00993134793 0.01015874009 0.008852863432 0.0180871786 0.01347125735 0.01460024081 0.01578562444 0.01311095769 0.01613359265 0.008048761105 0.009305456523 0.009131048713 0.009487382076 0.005344687201 0.00200063483 0.002862148673 -7.335993231e-05 -0.002273164182 -0.1071084338 -0.01642094477 -0.01856503381 -0.02974862101 -0.006931405254 0.008312444322 0.001126142912 -0.001694227739 -0.002433821771 -0.001909565545 
0.007791903563 0.006230436133 0.004726120152 0.005881098523 -0.0001610318006 0.008024871948 0.006413379155 0.006387201183 0.00554200493 -0.0006100158812 0.006040074972 0.007202208111 0.006753547626 0.008489265912 -0.0008611855598 0.002416646901 0.00746092455 0.005239255939 0.001671197059 -0.002124177785 -0.04271639943 -0.02680857894 -0.03125418357 -0.0005118964329 -0.001168883136 0.005159632997 0.004953256686 0.008281610765 0.002195559386 -0.001417288471 0.01452592788 0.009623815401 0.01072497536 0.01163012535 0.009942301819 0.02171376587 0.01507712653 0.01583537935 0.01940253472 0.01640729796 0.01731014502 0.009940206631 0.009198075808 0.01080634633 0.009892368181 0.008426111735 -0.002175793129 2.823147088e-05 0.003740280409 -0.001570991822 -0.09450763205 -0.02982772342 -0.02985085612 -0.03974216653 -0.01568333806 0.008052951281 0.0008850689045 -0.002319848652 0.003733696334 -0.002503622838 
0.002922744291 0.0002347951596 -0.0005474831003 -0.0001016999117 -0.007483931126 0.003060795382 -0.0003382787676 -0.0006121895131 -0.001509005908 -0.005887869483 0.004274843203 8.257491579e-07 -0.0003776136029 -0.0001753745536 -0.006349186514 0.003674516989 4.220503846e-05 0.0006900377602 -0.001572049866 -0.00460027891 0.009970751495 0.009019750538 0.009234042522 -0.001168883136 -0.004340309467 0.004288596882 -0.0008710113491 0.001749493308 -0.001560089617 -0.007256776758 0.01351284177 0.009414722036 0.0108103749 0.01062663695 0.008668769808 0.01729073351 0.01272817004 0.0124409277 0.01467947617 0.01232349097 0.01219508959 0.008955979086 0.00877020679 0.01041235939 0.008001226363 0.002506051914 -0.002604261826 -0.002392324022 -0.002450724217 -0.003689454251 -0.00737041094 -0.01018283259 -0.005945204628 -0.01612145554 -0.1230660913 0.004525980161 -0.0007777239679 -0.0007343051883 -0.0008335712128 -0.001623631937 
-0.02095217886 0.00224377359 0.004093978882 0.005485203432 0.001812915689 0.01292986883 0.003713357676 0.003190626982 0.006664365473 0.002924578391 0.009692191916 0.007223778624 0.009416892842 0.009486411787 0.003468769215 0.009943571517 0.008471473805 0.007192059051 0.007374790726 0.004715873077 -0.01519164754 0.001545576992 0.004516882695 0.005159632997 0.004288596882 -0.06228911332 0.01063031974 0.01787250019 -0.04504947316 0.01039760665 -0.01963406872 0.003111091654 0.005425998197 0.006581693382 0.001269581505 0.01307661972 0.01123900335 0.01371336724 0.01502271332 0.01121070883 0.01551345904 0.01873054142 0.01729923109 0.01918665126 0.017698459 0.004528791328 0.01748650983 0.01354213855 0.01666312298 0.01221179742 -0.02968714815 0.007287833638 0.007245751771 0.009560608014 0.003015036808 0.07745118789 -0.1066602753 -0.1096817472 -0.097925337 -0.005799340988 
0.006624907475 0.01216395358 0.009768436026 0.006308341358 0.002249037467 0.006328943371 0.007444623975 0.007128826556 0.005941947645 -0.0004234966864 0.006375848184 0.007045387253 0.007564184209 0.0055849644 -0.001953007859 0.007006736264 0.007640372284 0.00436949181 0.005526723337 -0.0004233213608 0.001080683702 0.01154424342 0.01084980091 0.004953256686 -0.0008710113491 0.01063031974 -0.04002707255 -0.04164157509 -0.02605237258 0.01151094885 0.006220426353 0.000331163684 0.002795883928 -0.0008131870012 -0.000438980619 0.01115864383 0.01071206933 0.01011157371 0.0111019422 0.01031429724 0.01667542212 0.01395395334 0.01484605232 0.01668804654 0.01300041174 0.0121785684 0.008220205303 0.008395052201 0.009381929947 0.008200697455 0.007233439221 0.0039305306 0.0009792451571 -0.0002161783453 -0.002158618845 -0.1090234057 -0.01688166627 -0.01471854471 -0.02856028463 -0.009395910247 
0.003454029044 0.01134515025 0.01039941187 0.004742164942 -0.001523874014 0.002974719907 0.008796360609 0.008849754459 0.007479705564 -0.0009196396853 0.009089417648 0.007268827674 0.007793944543 0.005341782504 -0.001093798646 0.005771143125 0.01097787212 0.007654490869 0.008117022895 0.0009854898967 0.002661641188 0.01077578915 0.01482568112 0.008281610765 0.001749493308 0.01787250019 -0.04164157509 -0.05055337474 -0.03015575811 0.01129253387 0.003337065173 0.003874770971 0.002263413333 0.0006805731285 -0.00107088495 0.01054168188 0.009789942497 0.01086828882 0.01025882749 0.009733196317 0.01603084646 0.01489746802 0.0160022111 0.01703450676 0.01387979073 0.01523850317 0.007675341163 0.007814553316 0.009100481044 0.009145013903 0.01082433558 -0.000451969988 -0.0007202761611 -0.002763286109 -0.002606360437 -0.1080026334 -0.01644831908 -0.01825782767 -0.030783684 -0.005825864856 
0.006629195022 0.006165822806 0.004700168288 0.0007901500606 -0.001389155949 0.004620911388 0.008132213221 0.007788689081 0.007011245791 -0.00113136583 0.007450116586 0.005613785864 0.006761471928 0.004336392146 -0.002232918954 0.006832151647 0.007696095343 0.006016899072 0.006496320359 9.880518593e-05 0.004907618455 0.004994759747 0.007716610371 0.002195559386 -0.001560089617 -0.04504947316 -0.02605237258 -0.03015575811 -0.0003376531659 0.0001681222514 0.006761933587 -0.0004483968251 -0.000101178991 0.004164262493 -0.001415344736 0.01261053904 0.01126742441 0.01016826639 0.01196420336 0.01116117862 0.01853737037 0.01700487038 0.01826726082 0.02071193294 0.01584333725 0.01595275325 0.008092350463 0.009683050844 0.0105896594 0.0102637653 0.009736120165 -0.0003124014519 -0.001789713604 0.003059841478 -0.002383805298 -0.09699041339 -0.02888173428 -0.0291666328 -0.0395504514 -0.01592340107 
0.0009927634037 -5.097431162e-05 0.000427899066 -0.001095051957 -0.005692982749 0.003240689066 -0.0003221412963 -0.0006991903051 8.835328301e-05 -0.006859301396 0.002451076632 -0.0007950692623 -0.0001366551978 -0.00185259833 -0.008093166536 0.003134347906 0.00148062984 0.0008221751545 0.001409943695 -0.005534800336 0.002627497026 -0.002111154131 0.001459842311 -0.001417288471 -0.007256776758 0.01039760665 0.01151094885 0.01129253387 0.0001681222514 -0.005181079712 0.003578024815 -0.0009711939223 -0.001085787419 -0.00152662845 -0.002400523201 0.01423100321 0.009093326592 0.008780063467 0.0104471955 0.007177914677 0.01483283741 0.01391854231 0.01447929658 0.01645518486 0.01281043714 0.01198173344 0.007444392447 0.008861532138 0.009367932594 0.008883889777 0.003899681584 -0.001840956103 -0.001644355251 -0.0008133772544 -0.002518117489 -0.006117514649 -0.01018100392 -0.007093794625 -0.01767442943 -0.1231504219 
0.07679503751 -0.1087011678 -0.1059685403 -0.09628210511 -0.008044484862 -0.02071820135 0.006458249371 0.0003073523717 0.006477278186 0.001649214072 0.009126493578 0.01154367446 0.0138327135 0.01655226203 0.01149978527 0.01736246805 0.01821044706 0.01718944277 0.01928671236 0.01386994605 0.01096319163 0.01338201482 0.0121717716 0.01452592788 0.01351284177 -0.01963406872 0.006220426353 0.003337065173 0.006761933587 0.003578024815 -0.06650968384 0.01966065438 0.006572645661 -0.04433236356 0.01057742092 -0.01880582538 0.004855808718 -0.0002306236557 0.004863900938 0.002401268341 0.006478053931 0.009073358562 0.008215239951 0.007358407992 0.003167649176 0.0120112671 0.009231346353 0.008729732996 0.008293206877 0.001871096438 0.006128378898 0.008477289039 0.01054491497 0.009089504366 0.004556530315 -0.02089399566 0.005074750791 0.002831154352 0.006993387374 0.005491171159 
-0.1105730581 -0.01811373409 -0.01648642864 -0.02945137916 -0.006448133239 0.003938110093 -0.0008474207239 0.004312778855 8.250990248e-05 -0.0004695186517 0.0142501566 0.009561660444 0.008743067829 0.007886552369 0.009180970664 0.01815406895 0.01576754723 0.01377008339 0.01627630087 0.01382696552 0.01284957302 0.009273764476 0.01036032192 0.009623815401 0.009414722036 0.003111091654 0.000331163684 0.003874770971 -0.0004483968251 -0.0009711939223 0.01966065438 -0.05488392761 -0.04486756324 -0.03411036971 0.008118558764 0.004373335039 0.01091930944 0.01095099185 0.004930407962 -0.001414496676 0.008923731051 0.006837607638 0.0113361462 0.007295550899 0.002492708589 0.009355761963 0.01172375838 0.008090398871 0.008906129086 0.001287358891 0.007813776491 0.007906470442 0.01071755052 0.008188928948 0.001232038824 0.004143388906 0.01154015764 0.008946191981 0.0048985052 0.0003516384383 
-0.1061559839 -0.01800584981 -0.01748545918 -0.02936689174 -0.01333852731 0.005095346127 0.002184777153 0.002775276602 0.0001428482245 -0.001062126894 0.01100179927 0.009604541569 0.009631671363 0.01078298178 0.01033477817 0.01667096786 0.01435468046 0.01450627713 0.01643646633 0.01533638275 0.01169817328 0.008216627395 0.00993134793 0.01072497536 0.0108103749 0.005425998197 0.002795883928 0.002263413333 -0.000101178991 -0.001085787419 0.006572645661 -0.04486756324 -0.03448478973 -0.0263319045 0.007724550037 0.003314128002 0.009600614517 0.01047581782 0.003553173758 -0.001490371987 0.00996275056 0.004394386266 0.007689926835 0.005588180471 0.0009078356795 0.01037880405 0.007897526313 0.005226923053 0.006520707084 0.0003776504208 0.009867388263 0.004220828382 0.006868803126 0.005223523787 -6.295316297e-05 0.004733570764 0.01021690486 0.009051272755 0.004399418907 0.00107840011 
-0.09518074381 -0.03045067766 -0.02823809297 -0.03929599819 -0.01776366349 0.005669096312 -0.001079557541 0.001532415202 0.004582399789 -0.0005299377724 0.01293801488 0.01058915006 0.009339870663 0.01027051583 0.01059931542 0.01678473901 0.01697007124 0.01729615375 0.02021430875 0.01620411336 0.01409047648 0.01013001431 0.01015874009 0.01163012535 0.01062663695 0.006581693382 -0.0008131870012 0.0006805731285 0.004164262493 -0.00152662845 -0.04433236356 -0.03411036971 -0.0263319045 -0.003305792103 -0.004726587165 0.007871593789 0.005103810157 0.004034421907 -0.0005968531064 -0.00301037613 0.00813277095 0.0062617931 0.008876053783 0.007485766041 0.002428818364 0.009358876932 0.008697860917 0.006164613722 0.006035977206 -9.942905708e-05 0.008135727554 0.006057771345 0.008284656854 0.007866366251 0.001001481185 0.008036816509 0.005465318555 0.002720201023 -0.0001669101876 -0.001860029661 
-0.008259651045 -0.005471528636 -0.01201314468 -0.01548308051 -0.1245590664 0.001905728026 -0.001253559561 -0.002375312228 -0.001508564902 -0.00293179761 0.01297458115 0.009127428221 0.009002918014 0.01108897773 0.009140511365 0.01598808066 0.01355220493 0.01386099715 0.01617144163 0.01280981958 0.01414144892 0.008781618328 0.008852863432 0.009942301819 0.008668769808 0.001269581505 -0.000438980619 -0.00107088495 -0.001415344736 -0.002400523201 0.01057742092 0.008118558764 0.007724550037 -0.004726587165 -0.00696316331 0.003422977235 0.000337295526 -0.00243195053 -0.003086890196 -0.004966288211 0.004220321628 -0.0008791332114 0.001690360097 0.0008112474771 -0.00489165005 0.004110021746 0.002492024455 0.001693561636 0.0009424536233 -0.006284168481 0.004420876836 -0.0006001075753 0.001623092697 0.0001509293192 -0.005312669337 0.00370206864 0.0001869484232 -0.003235018079 -0.003299627144 -0.004486407111 
-0.02661944086 0.006636433327 0.007390050501 0.008704861871 0.002559744978 0.07752472495 -0.1072181154 -0.1100057772 -0.09656209327 -0.007082378427 -0.02405158912 0.002788563552 0.007605786534 0.007936872351 0.003773514217 0.02004623579 0.01173829566 0.006333631452 0.009702787563 0.01260406038 0.0158515796 0.01806713338 0.0180871786 0.02171376587 0.01729073351 0.01307661972 0.01115864383 0.01054168188 0.01261053904 0.01423100321 -0.01880582538 0.004373335039 0.003314128002 0.007871593789 0.003422977235 -0.0666939989 0.00992517024 0.01540654426 -0.0462381547 0.01173790833 -0.008338032327 -0.0009497104848 0.0008421844696 0.002518048248 0.005172364677 0.0112181713 0.009711692409 0.008849728131 0.007425527136 0.001746966698 0.0142000822 0.006343701369 0.00968298671 0.005431207293 0.003613705679 0.008436253296 0.006520726099 0.008283668436 0.005473773346 0.002632306639 
0.007739187202 -0.001408131198 0.001430626776 -0.002388895674 -0.002368941428 -0.1076334689 -0.01704741695 -0.01475134667 -0.02853358149 -0.01043419649 0.004271685163 0.00590987443 0.001214601796 0.000979948367 -0.0006630375644 0.01082173092 0.00955305738 0.009775607631 0.0116817726 0.009310916501 0.01976807033 0.0136788794 0.01347125735 0.01507712653 0.01272817004 0.01123900335 0.01071206933 0.009789942497 0.01126742441 0.009093326592 0.004855808718 0.01091930944 0.009600614517 0.005103810157 0.000337295526 0.00992517024 -0.03964526032 -0.04226776926 -0.0262588483 0.007507168908 -0.001896562312 0.01263669706 0.01278258325 0.005578389424 -0.001755018816 0.007884085294 0.007961671228 0.00537712318 0.006587040902 0.001596568632 0.007117038278 0.007391350201 0.00743025489 0.007204924594 0.0002792745277 0.007613498887 0.007489757352 0.006042188487 0.007187520568 -0.0006552761711 
0.00572834737 0.002426356355 0.0003418472806 -0.0009418613798 -0.002632336804 -0.1094964361 -0.01570109916 -0.01745098748 -0.02912668086 -0.007420485197 0.008533300288 0.001629895615 -0.0005327933901 -0.002106902089 -0.0008413465109 0.009441211342 0.01016789027 0.01097182777 0.01118043544 0.008066791839 0.01881782332 0.01404674933 0.01460024081 0.01583537935 0.0124409277 0.01371336724 0.01011157371 0.01086828882 0.01016826639 0.008780063467 -0.0002306236557 0.01095099185 0.01047581782 0.004034421907 -0.00243195053 0.01540654426 -0.04226776926 -0.05067333592 -0.03032681056 0.007412943921 0.001054425122 0.011787259 0.01602402896 0.007997193054 0.0009455340018 0.00909161098 0.01137151563 0.008469016538 0.008264075018 0.003166248604 0.008589035757 0.008613697467 0.009131098219 0.008762789638 0.001121006606 0.00588517924 0.007604690655 0.00709941617 0.00680118234 -0.001836868667 
0.0105149879 -0.003152796305 -0.002786735763 0.001207571887 -0.002816082666 -0.09885165932 -0.02845184668 -0.02852960024 -0.03808644461 -0.01701806276 0.007532213422 0.001638424703 -0.001175790308 0.004316901403 -0.0003536226109 0.01035623559 0.01068826226 0.01379686155 0.01356333801 0.009991032086 0.02006618316 0.01678991088 0.01578562444 0.01940253472 0.01467947617 0.01502271332 0.0111019422 0.01025882749 0.01196420336 0.0104471955 0.004863900938 0.004930407962 0.003553173758 -0.0005968531064 -0.003086890196 -0.0462381547 -0.0262588483 -0.03032681056 0.0001059990478 -0.004734622313 0.002423255447 0.005460138925 0.008366646688 0.00218807694 -0.001983857839 0.005967514327 0.009892268389 0.007605438508 0.008825981069 0.002030679442 0.009079903504 0.007018227494 0.006103376485 0.006030744647 0.0004527990522 0.005382019033 0.00763259361 0.006617016503 0.00765302985 -0.001161785471 
