User:
ilsa8974
Hostname:
shas0436.rc.int.colorado.edu
CPU info:
Architecture:          x86_64
CPU op-mode(s):        32-bit, 64-bit
Byte Order:            Little Endian
CPU(s):                24
On-line CPU(s) list:   0-23
Thread(s) per core:    1
Core(s) per socket:    12
Socket(s):             2
NUMA node(s):          2
Vendor ID:             GenuineIntel
CPU family:            6
Model:                 63
Model name:            Intel(R) Xeon(R) CPU E5-2680 v3 @ 2.50GHz
Stepping:              2
CPU MHz:               2494.290
Computation started at:
Sun Apr 11 19:30:13 MDT 2021
git commit: 05d9acc01a1a5ec8dfa47c7c3017fad49b4c9e5c, branch: merged, compiled at: Mon Mar 29 13:10:34 MDT 2021

nproc used: 120 (NB: stochasticIter below is per proc)

**************************************************************
Input file  :
**************************************************************
{
    "wavefunction": {
        "name": "jastrowslater",
        "hfType": "rhf",
        "complex": "false",
        "fourBodyJastrow": "asAB2",
        "noENCusp": "true",
        "QmaxEEN": "0",
        "Qmax": "6"
    },
    "realspace": {
        "basis": "gto",
        "pseudo": "6",
        "nalpha": "15",
        "nbeta": "15",
        "norbs": "108"
    },
    "sampling": {
        "rStepType": "spherical",
        "sampleEveryRt": "true",
        "stochasticIter": "4e4",
        "seed": "1"
    },
    "optimizer": {
        "fullrestart": "false",
        "optimizeorbs": "true",
        "optimizecicoeffs": "false",
        "optimizecps": "true",
        "method": "lm",
        "direct": "true",
        "hDiagShift": "0.1",
        "sDiagShift": "0.0",
        "decay": "0.1",
        "cgTol": "1.0e-3",
        "cgIter": "30",
        "dTol": "1.0e-3",
        "stepsizes": [
            "0.0",
            "0.01",
            "0.1",
            "1.0"
        ],
        "stepsize": "0.0",
        "corrSampleFrac": "0.3",
        "sgdIter": "1",
        "maxIter": "13"
    },
    "print": {
        "vars": "true",
        "grad": "false"
    }
}

Number of Jastrow vars: 1914
Number of Reference vars: 3241
Number of Optimized vars: 5155
    0   -37.52427983 (6.16e-04)     0.21976539      2.0      0.4  1297.61  1297.61  1297.61 
    1   -37.52397222 (6.34e-04)     0.22746554      2.0      0.4  3666.77  4363.85  5532.85 
    2   -37.53762485 (6.17e-04)     0.26844366      2.0      0.4  7359.18  7876.54  9035.62 
    3   -37.54476555 (5.94e-04)     0.29037740      2.0      0.4 10860.81 11668.93 12827.87 
    4   -37.54665532 (5.91e-04)     0.23727396      2.0      0.4 15194.64 18107.75 19274.88 
    5   -37.54861029 (5.93e-04)     0.08815358      2.0      0.4 21634.74 22442.38 23609.91 
    6   -37.54882472 (5.88e-04)     0.06769213      2.0      0.4 25972.19 28241.41 29412.48 
    7   -37.54722735 (5.86e-04)     0.09072249      2.0      0.4 31774.73 33606.06 34773.06 
    8   -37.54826802 (5.87e-04)     0.06142523      2.0      0.4 37140.77 38655.65 39825.40 
    9   -37.54921228 (5.84e-04)     0.10616242      2.0      0.4 42187.75 43535.06 44703.75 
   10   -37.55000631 (5.87e-04)     0.10624249      2.0      0.4 47065.93 50067.29 51231.55 
   11   -37.54889964 (5.85e-04)     0.08664767      2.0      0.4 53598.33 58086.08 59248.09 
   12   -37.54906431 (5.94e-04)     0.12680673      2.0      0.4 61616.57 62912.37 64078.22 

__rJastrow parameters__

EEsameSpin
0.25 -0.4259799916 1.422735083 0.006341974549 -1.156811394 0.5397643537 

EEoppositeSpin
0.5 0.0196864026 0.9658915607 0.2190870158 -1.805632229 0.9491540001 

EN
4 | 0 -0.8806260983 3.593146967 -4.585091956 -4.290218031 4.81081055 
1 | 0 -0.3566974004 -2.296608892 3.240471313 2.133146656 -3.726036437 

EENsameSpin
4 | 
1 | 

EENoppositeSpin
4 | 
1 | 

EENNlinear
-0.005877077232 0.001502655711 0.0017233015 0.0004070236557 0.005191209644 -0.005926720578 0.001698973009 0.001578530872 0.0004383288424 -0.001050453828 -0.00600395247 0.001680730773 0.001566967608 0.000432768412 -0.0006628257609 -0.005895961979 0.001520980311 0.001744379493 0.0004408012724 -0.0007756408071 -0.005988480985 0.00168251662 0.001556018025 0.0004235923935 -0.0008830633448 -0.005957216151 0.001658887569 0.001553895323 0.0004013536927 -0.0008690457923 -0.005959044193 0.001543842463 0.001770464351 0.0004197819593 -0.0006854573827 -0.005892173737 0.001759513658 0.001625971644 0.0004438999073 0.004234465385 -0.005970474922 0.001665945464 0.001553084648 0.0003594133966 -0.0009755397235 -0.005991940475 0.001496570172 0.001734966665 0.000377434957 -0.0006062028701 -0.006070319519 0.001694618242 0.001588923494 0.0004000836535 -0.001050121373 -0.005850383567 0.001701958397 0.001579688111 0.00037451634 -0.000811159668 
EENNquadratic
-0.092427321 0.0142881792 0.01341145107 -0.05593910082 -0.02186974234 -0.01247683488 -0.001281817996 -0.005416310333 -0.002500207605 0.005358535452 0.01306051881 0.007320634545 0.008512600273 0.006554388854 0.0129432737 0.01653631498 0.01125083019 0.01302123477 0.01150098175 0.0154552449 0.01236669482 0.00716305974 0.01010219621 0.00835500607 0.01482410378 -0.0159739323 0.002709821306 -0.004298914557 -0.001386818655 0.005002036668 0.07112741502 -0.1126140186 -0.1080064542 -0.09908608816 -0.007705568948 -0.03421165483 0.007604233241 0.004284229646 0.008169795856 0.002190177496 0.002411838448 0.01246503828 0.01229018289 0.01419781187 0.01448991348 0.008926312134 0.01899133851 0.01949868845 0.02106051304 0.01963471475 0.002144978719 0.01254885696 0.01342689147 0.01285529449 0.01358918135 -0.03069204816 0.005799409755 0.002694822638 0.008667912325 0.001745909524 
0.0142881792 -0.06654181481 -0.05940510106 -0.03823702186 -3.019137449e-06 -0.003814448034 0.009406746565 0.008158798667 0.003289394426 0.002107324568 0.007377888239 0.01179286884 0.01426457964 0.01083440296 0.01153644658 0.01205512815 0.01718269698 0.01333548569 0.01251190927 0.01344921373 0.01042139161 0.01269154925 0.01430439798 0.009988981918 0.01310582526 -2.437296249e-05 0.008427893578 0.0079132121 0.003856200895 0.002564591558 -0.111997062 -0.01799434563 -0.0161692267 -0.02863071459 -0.002662006744 0.004934085797 -0.003014370502 0.002757497165 -0.002037060412 -5.166530419e-05 0.01412904299 0.008507723883 0.008325613376 0.008077264369 0.01112251124 0.01734177343 0.01486289915 0.01333706357 0.01699384423 0.01491463485 0.01325336607 0.00910095838 0.009012937064 0.009963232667 0.01131698998 0.003807843925 -0.00197006941 0.003246912486 -0.001827541784 -0.001516745958 
0.01341145107 -0.05940510106 -0.05631695066 -0.03551697173 0.01016329757 -0.002456239804 0.008539793516 0.006631393572 0.002194429395 0.003372035846 0.008851177159 0.008537368679 0.01113073246 0.008529091214 0.01076837455 0.01205894939 0.0141441661 0.01193406149 0.01148624163 0.01308983435 0.01101391093 0.009622722776 0.01110403724 0.008145091792 0.01224049702 0.001686221056 0.00717353701 0.005834721959 0.001741107485 0.003525654337 -0.1076274957 -0.01629062888 -0.01735269248 -0.02849677977 -0.01066206882 0.005229675082 4.930977542e-05 0.001320936208 -0.001340650389 -0.0003856673554 0.01300962823 0.007110078799 0.007544583376 0.008940433222 0.01212365276 0.01798589567 0.01308127475 0.01383101126 0.01736939017 0.01609711571 0.01239624884 0.009419790499 0.008607367003 0.01106721006 0.01386688227 0.004606299947 0.001929711602 0.00214816647 -0.0001479208284 -0.001675293434 
-0.05593910082 -0.03823702186 -0.03551697173 -0.005528503788 -0.001035597385 -0.003128077977 0.003735153527 0.002292006819 -0.001830744505 -0.0003069527538 0.007534998924 0.008309363695 0.01017850483 0.008474009422 0.009934597253 0.01125228478 0.012689369 0.01066253784 0.008955040093 0.01165685561 0.008805883866 0.00942164604 0.01009024154 0.008252326829 0.01127427808 0.0006784517048 0.002516128865 0.001379471326 -0.0023653307 0.0003728140245 -0.0976483481 -0.02990510355 -0.02873578039 -0.03912274141 -0.01385773617 0.008724870069 -0.003452355782 -0.000265999394 0.002622994495 -3.696216695e-05 0.01413612652 0.009501829315 0.008902791178 0.01106760261 0.01301428054 0.02060954093 0.01625200263 0.01600202333 0.02044835033 0.01803999749 0.01306495216 0.01091213544 0.01038936776 0.01239441794 0.0138553928 0.005858739289 -0.002094186304 8.961347792e-05 0.003230666879 -0.001787177196 
-0.02186974234 -3.019137449e-06 0.01016329757 -0.001035597385 -0.08538838937 0.005480468345 0.004028863498 0.0004282795909 -0.0003870099579 0.003411817652 0.01189188858 0.01105321539 0.01260108309 0.01078899142 0.0136035805 0.01424883207 0.0145224857 0.01432001259 0.01284607119 0.01510237621 0.01592495999 0.01244960435 0.01313546525 0.01172365068 0.01503658383 0.006820389103 0.005586019129 0.001586276769 0.000883372879 0.004000361501 -0.008374045406 -0.002469738519 -0.009739768152 -0.01323955326 -0.1204423748 0.002887351221 0.0005812826967 0.0006543704552 0.000721330699 0.000573847106 0.01487558844 0.01316972147 0.01093160063 0.01291790561 0.01543906202 0.01645440436 0.01578193639 0.0171480361 0.01842820264 0.01802091738 0.01460554231 0.01237904602 0.01195280704 0.01261288609 0.01485930578 0.001966459141 -0.0006180666093 -2.293125709e-05 -7.274223526e-05 -0.002546220696 
-0.01247683488 -0.003814448034 -0.002456239804 -0.003128077977 0.005480468345 -0.09103457443 0.01384252153 0.01593871684 -0.05582640598 -0.02224532983 -0.01207089089 -0.003702391728 -0.001619671764 -0.003727677802 0.005435213609 0.01227941752 0.009451673975 0.01198299093 0.008804990174 0.01565558472 0.006595299835 0.01397863227 0.01483909795 0.01369335415 0.01355174948 0.009363026623 0.01150908661 0.008609046064 0.007443516107 0.0121622039 -0.0269138549 0.003118673972 0.00414605605 0.00530166841 0.003344179423 0.07371546446 -0.1095283146 -0.1124129208 -0.09921428746 -0.007944725544 -0.0280991388 0.002019635784 0.003500121961 0.00513222109 0.001912401556 0.00822300581 0.01241816968 0.01036747907 0.01255909204 0.01395841712 0.01182569597 0.01828913293 0.01869450591 0.01920368524 0.01924928516 0.00788910674 0.01001831601 0.0101997259 0.01227337086 0.01376561859 
-0.001281817996 0.009406746565 0.008539793516 0.003735153527 0.004028863498 0.01384252153 -0.05765041161 -0.06038630599 -0.03619453076 0.008860733513 -0.004645804815 0.005818693585 0.008278009613 0.00202589225 0.001547198829 0.008221175382 0.01226187773 0.008878772003 0.009631820747 0.01056058119 0.01444081202 0.01217391998 0.01305852798 0.01067570718 0.01356552964 0.01266168388 0.009432836301 0.01041156096 0.009156020881 0.01278243675 0.006001848897 -0.001786689392 0.0004809524202 -0.00177003667 0.0007134402623 -0.1103554115 -0.01879568931 -0.01631623061 -0.03022800011 -0.009259741717 0.002557953993 0.004331973642 0.0002096480811 9.257202882e-05 -0.0005290794211 0.01111278642 0.009643055947 0.00933440213 0.01050400603 0.01179681071 0.01718718465 0.01554371647 0.01531301704 0.01784787876 0.01646901428 0.01049790708 0.009494982829 0.00974872043 0.01089932767 0.01228513689 
-0.005416310333 0.008158798667 0.006631393572 0.002292006819 0.0004282795909 0.01593871684 -0.06038630599 -0.06357661471 -0.03837438071 0.003157629506 -0.00205533669 0.007854342838 0.01269182032 0.005306144031 0.005161243589 0.008716188349 0.01449999902 0.0112596294 0.01167119067 0.01134933722 0.01534899999 0.01296146815 0.01432838678 0.01099734601 0.01374829278 0.01057121467 0.00960659411 0.01181170509 0.009134486055 0.01233428536 0.002779367031 0.002559218933 0.001325306336 0.0005503759001 0.0004434730657 -0.1113844513 -0.01621406442 -0.01834996808 -0.02999951228 -0.00507375826 0.004931929107 5.678629381e-05 -0.001966146174 -0.003578489795 -0.001200197204 0.01033570489 0.01011915899 0.009169639321 0.01062374985 0.01103398081 0.0167984735 0.01533180736 0.01552830916 0.01720796003 0.01627723843 0.01018305489 0.009647886319 0.01060615305 0.01019413412 0.01147464226 
-0.002500207605 0.003289394426 0.002194429395 -0.001830744505 -0.0003870099579 -0.05582640598 -0.03619453076 -0.03837438071 -0.006227850528 -0.0007041262591 -0.003051942325 0.001126243765 0.004955362109 -0.0007552832998 6.361917631e-05 0.006203397108 0.01146080464 0.009420746459 0.01102268916 0.00990371128 0.01441860972 0.01064633937 0.01128870783 0.008814856896 0.01197987624 0.01088749824 0.007631532063 0.008209499981 0.007513562698 0.01103767081 0.006339888684 -0.001340898167 -0.00057092385 0.003688703402 -0.0002412602054 -0.09963042029 -0.02979453412 -0.02965392138 -0.0400801177 -0.0139639638 0.005390883063 0.0008781257843 -0.002124514974 0.004011223391 3.210528763e-05 0.01251715648 0.009929005806 0.01102938884 0.01219463669 0.01214515029 0.01963270648 0.01738705698 0.01689213256 0.02100660061 0.01874665765 0.01050346934 0.01111913169 0.01122659713 0.0125158078 0.01336447207 
0.005358535452 0.002107324568 0.003372035846 -0.0003069527538 0.003411817652 -0.02224532983 0.008860733513 0.003157629506 -0.0007041262591 -0.08380868436 0.006114168201 0.001158923444 0.004788357346 0.000121644485 0.003173155042 0.01496219509 0.01224753697 0.01151018361 0.01059578857 0.01207446365 0.0141469649 0.014479563 0.01520222804 0.01283965283 0.01626768497 0.01626603109 0.0111054816 0.01064637471 0.009772735896 0.01351881903 0.003504767788 -0.0007193226405 -0.0009065919202 0.0003524605545 0.003226744934 -0.007541987966 -0.008847963333 -0.004814365441 -0.0144591771 -0.118672568 0.002594667226 -0.001102942955 -0.0004973220455 -0.000641216026 0.0001157329384 0.01544048804 0.01179687884 0.01271437556 0.01352827704 0.01432459026 0.0185351587 0.01697217489 0.01630009267 0.01845917532 0.01907340863 0.01376657883 0.01098923452 0.01064263893 0.01113096003 0.01321336245 
0.01306051881 0.007377888239 0.008851177159 0.007534998924 0.01189188858 -0.01207089089 -0.004645804815 -0.00205533669 -0.003051942325 0.006114168201 -0.0891209794 0.01362614583 0.01503606559 -0.05470323629 -0.01986637765 -0.01549008147 -0.001961638411 -0.0002979506813 0.0002899963829 0.007210064766 0.01077187144 0.009417344155 0.009075459504 0.00719328786 0.01375702906 0.01360305934 0.01117208197 0.01367077382 0.009969315179 0.01419680997 0.005128337575 0.0110444222 0.009983359432 0.01251625406 0.01529981908 -0.03146293013 0.004623829639 0.003941872737 0.005847827418 0.003393795807 0.07672564594 -0.1097823905 -0.1126031602 -0.09959064941 -0.006507403009 -0.03165269131 0.005675622182 0.006736004963 0.008394888937 0.003042198242 0.004509320626 0.01025900434 0.01049148102 0.01306528677 0.01397408525 0.01760752277 0.01425668023 0.01470896052 0.01624047106 0.0187901153 
0.007320634545 0.01179286884 0.008537368679 0.008309363695 0.01105321539 -0.003702391728 0.005818693585 0.007854342838 0.001126243765 0.001158923444 0.01362614583 -0.05782391999 -0.06027157597 -0.03647480881 0.009168343023 0.001337020699 0.01012634917 0.008958060098 0.003811976684 0.004835566878 0.009215024792 0.01155481415 0.01223745982 0.01023807811 0.01173142433 0.01251675116 0.01239405153 0.01285533046 0.01083936784 0.01331961715 0.01283654597 0.009616601091 0.008717355518 0.01009984075 0.01314010789 0.004543460059 0.00386873287 -0.0001359049271 -0.0004566712644 -0.001719995975 -0.1121019225 -0.01861006244 -0.01611480907 -0.02972936794 -0.01041536895 0.006968521527 -0.002820899577 0.0002363056782 -0.003234873349 1.231018206e-05 0.01120747947 0.01014072691 0.009735091589 0.01125682268 0.01272017111 0.01586342983 0.01633086072 0.01599576555 0.01799952521 0.01652848887 
0.008512600273 0.01426457964 0.01113073246 0.01017850483 0.01260108309 -0.001619671764 0.008278009613 0.01269182032 0.004955362109 0.004788357346 0.01503606559 -0.06027157597 -0.06311407649 -0.03735110827 0.003547288344 -0.001986425062 0.007880283999 0.0062330013 0.001514125881 0.0007595274764 0.008989715609 0.0110345735 0.01208614276 0.009831799946 0.01027110737 0.01298617752 0.01301383781 0.01409210261 0.01161937639 0.01338783584 0.01393116536 0.008969923925 0.008152756014 0.009323471554 0.01189655318 0.006215525392 -0.0006048904359 -0.002140439071 -0.002819612759 -0.001094353155 -0.1132536371 -0.01606396263 -0.01895683025 -0.03036111614 -0.006170880376 0.004285916143 0.002032180078 0.0002725758193 -0.001244824774 -0.0002381767951 0.01225215565 0.01025440486 0.01124975708 0.01026423442 0.0123406948 0.01579774277 0.0159701794 0.01570795371 0.01721671393 0.01587977423 
0.006554388854 0.01083440296 0.008529091214 0.008474009422 0.01078899142 -0.003727677802 0.00202589225 0.005306144031 -0.0007552832998 0.000121644485 -0.05470323629 -0.03647480881 -0.03735110827 -0.006121914062 0.0002456741123 -0.001729229779 0.004494206738 0.002810799642 -0.001295584443 0.0006072315232 0.005220573363 0.009983432799 0.01037200881 0.009746090016 0.008292310531 0.01077267366 0.01091654607 0.01112416874 0.009188506653 0.01169373945 0.01306889169 0.01042915497 0.01059339842 0.01240438101 0.01422118427 0.006044401459 -0.0003901861242 -0.002863622326 0.003731273072 -0.0008171618085 -0.1006606388 -0.02976612401 -0.02992178489 -0.03998937608 -0.01554649432 0.007739746133 -0.00203283842 -0.0018448254 0.002200409423 0.0004381778227 0.01392477345 0.01102773762 0.01069836857 0.01193796966 0.01365101933 0.01904290919 0.0178653563 0.01763100511 0.02100688697 0.01916002346 
0.0129432737 0.01153644658 0.01076837455 0.009934597253 0.0136035805 0.005435213609 0.001547198829 0.005161243589 6.361917631e-05 0.003173155042 -0.01986637765 0.009168343023 0.003547288344 0.0002456741123 -0.08268515201 0.007541689555 0.003548336889 0.004365084866 0.00125257928 0.007368421284 0.01287730851 0.01304776211 0.01284499557 0.01133456281 0.01325132931 0.0132693755 0.0144375898 0.01458274607 0.0127613856 0.01474896922 0.01460452153 0.01098849214 0.01224121527 0.01272273046 0.01525484295 0.00302031404 -0.0001241794553 -0.0006355907765 0.0001172502576 -0.0001739599888 -0.0074025018 -0.009329372807 -0.006337334736 -0.01557093212 -0.1198633358 0.002809399809 -0.0006952055501 -0.000550100201 -0.0001486709718 0.001480046348 0.01305209004 0.01265943709 0.01273459092 0.01382901309 0.01416759002 0.01667419126 0.01677764133 0.01541655039 0.01735542549 0.0172131229 
0.01653631498 0.01205512815 0.01205894939 0.01125228478 0.01424883207 0.01227941752 0.008221175382 0.008716188349 0.006203397108 0.01496219509 -0.01549008147 0.001337020699 -0.001986425062 -0.001729229779 0.007541689555 -0.08989958629 0.01537965469 0.01173453685 -0.05514853196 -0.02046294958 -0.01610111731 0.0007732253502 -0.00465972084 -0.002374677415 0.00663643464 0.008817607349 0.008507953268 0.009400158645 0.007245005854 0.01229136561 0.01159909988 0.01567547628 0.01652742723 0.01863935685 0.01782063698 0.00677455336 0.01217107221 0.01091289802 0.01326330391 0.01454026495 -0.03028823071 0.006043391654 0.004620183641 0.007436719154 0.004120211682 0.07925611156 -0.1143926296 -0.1104619981 -0.1012839644 -0.007215727796 -0.03267116952 0.007769274647 0.004389351039 0.007862523016 0.002081565521 0.002821929573 0.01280832673 0.01096688159 0.01313889352 0.01300267748 
0.01125083019 0.01718269698 0.0141441661 0.012689369 0.0145224857 0.009451673975 0.01226187773 0.01449999902 0.01146080464 0.01224753697 -0.001961638411 0.01012634917 0.007880283999 0.004494206738 0.003548336889 0.01537965469 -0.06807399951 -0.06060937388 -0.04059039155 0.0009928365252 -0.003121819 0.009027601875 0.007408001011 0.003349023301 0.002458776304 0.008441613177 0.01215252728 0.01549621538 0.01045839852 0.01235325925 0.01681631769 0.01604303367 0.01385468894 0.01679246115 0.01567379612 0.01320056718 0.009423882016 0.009744148837 0.009507130339 0.0128221298 0.003441071604 -0.002371751806 0.002304628257 -0.001359615691 -0.0003224582198 -0.1150703198 -0.01880554607 -0.01623100101 -0.02998352243 -0.0035503081 0.005815472247 -0.003486506539 0.001333602982 -0.002304830229 -0.00177642033 0.01592943131 0.008499162382 0.009465240286 0.009125903772 0.01315479819 
0.01302123477 0.01333548569 0.01193406149 0.01066253784 0.01432001259 0.01198299093 0.008878772003 0.0112596294 0.009420746459 0.01151018361 -0.0002979506813 0.008958060098 0.0062330013 0.002810799642 0.004365084866 0.01173453685 -0.06060937388 -0.05651455113 -0.0369126969 0.01073736484 -0.0008464361201 0.00790059466 0.005768128006 0.001551144978 0.003240909933 0.007410280859 0.009173440064 0.01195373776 0.009379812109 0.01170212862 0.01733385837 0.01344808324 0.0138510021 0.01607335982 0.01648786514 0.01095234375 0.009775340166 0.00998547893 0.01160669411 0.01386603564 0.006374897375 0.0006056654145 0.0002748059504 -0.0009389779071 -0.0004289886014 -0.1108645103 -0.01688833294 -0.01733518483 -0.02942075577 -0.01086454143 0.004750170493 0.0003961696811 0.0007757570081 -0.0009260628296 -0.001574800565 0.01419408756 0.008433732105 0.009023993739 0.01103096405 0.01438899106 
0.01150098175 0.01251190927 0.01148624163 0.008955040093 0.01284607119 0.008804990174 0.009631820747 0.01167119067 0.01102268916 0.01059578857 0.0002899963829 0.003811976684 0.001514125881 -0.001295584443 0.00125257928 -0.05514853196 -0.04059039155 -0.0369126969 -0.008704989374 -0.0005495051644 -0.003347134123 0.003099725515 0.002099352131 -0.001906495911 -8.442538317e-05 0.006099193739 0.009633297251 0.01086976045 0.00913383479 0.01047742718 0.01786441306 0.01722066081 0.01697907189 0.02047348182 0.01838363793 0.0132736598 0.01125129772 0.01047695309 0.01214991149 0.01403713056 0.005616726363 -0.00221298241 -0.0001184707418 0.004200520744 0.0002003582227 -0.1014881009 -0.02991793612 -0.02883654267 -0.0395136828 -0.01458081023 0.007945831916 -0.002853389912 -0.0007698918739 0.003143936431 -0.001093802919 0.0142083205 0.01052736928 0.01008722511 0.01201280014 0.01455752985 
0.0154552449 0.01344921373 0.01308983435 0.01165685561 0.01510237621 0.01565558472 0.01056058119 0.01134933722 0.00990371128 0.01207446365 0.007210064766 0.004835566878 0.0007595274764 0.0006072315232 0.007368421284 -0.02046294958 0.0009928365252 0.01073736484 -0.0005495051644 -0.08406930106 0.008257584604 0.004886876122 0.001277768481 0.0003560190794 0.006489634314 0.01390694034 0.01146836482 0.01269040324 0.01056934814 0.01399595786 0.02095515112 0.01475929148 0.01596480601 0.01710997228 0.01815772347 0.01452785272 0.01251670133 0.01084545622 0.01233989915 0.01420351595 0.0008093203065 0.001370993179 0.0008991271045 0.001309339109 0.00103992135 -0.006673482284 -0.003898442601 -0.01086456289 -0.01566450408 -0.1210443252 0.002138621559 0.0001255457805 0.0001856111651 0.0006544798453 0.0003954958215 0.01562598379 0.01349859111 0.01169132676 0.01403628253 0.01433783176 
0.01236669482 0.01042139161 0.01101391093 0.008805883866 0.01592495999 0.006595299835 0.01444081202 0.01534899999 0.01441860972 0.0141469649 0.01077187144 0.009215024792 0.008989715609 0.005220573363 0.01287730851 -0.01610111731 -0.003121819 -0.0008464361201 -0.003347134123 0.008257584604 -0.09527025879 0.01295180939 0.01452510066 -0.05466124091 -0.02150148791 -0.01807249571 -0.0004009193789 0.001628164115 -0.001286842565 0.007625375962 0.005954642942 0.0117352198 0.01239161206 0.0141281888 0.0138106805 0.01566305653 0.01815301528 0.01740550746 0.01813639322 0.02006232887 0.004569515623 0.01381901347 0.01375762935 0.0139951887 0.01463932446 -0.03396340186 0.004700414961 0.005686940024 0.006968043688 0.002116728267 0.07543391888 -0.112103584 -0.1142037869 -0.1008005548 -0.01186086307 -0.03147438253 0.002341854334 0.005021384581 0.00728431046 0.00178752799 
0.00716305974 0.01269154925 0.009622722776 0.00942164604 0.01244960435 0.01397863227 0.01217391998 0.01296146815 0.01064633937 0.014479563 0.009417344155 0.01155481415 0.0110345735 0.009983432799 0.01304776211 0.0007732253502 0.009027601875 0.00790059466 0.003099725515 0.004886876122 0.01295180939 -0.05807618476 -0.06091302554 -0.03705421678 0.008370803579 -0.003395284437 0.005219957906 0.007009316652 0.001472091169 0.001870362035 0.01023859821 0.009788613042 0.008727958837 0.01004727902 0.01125339107 0.01720958305 0.01465172396 0.01439897149 0.01772152803 0.01630728057 0.01116292183 0.009110570901 0.009624017923 0.01135273221 0.01267961119 0.008981612061 -0.002974749118 -0.0003700264925 -0.003210596565 0.0005374484926 -0.1099244083 -0.01909924016 -0.01707816404 -0.0293977363 -0.008256481051 0.00341345064 0.004813919255 0.0006072150519 0.0003751388605 -0.0001604525882 
0.01010219621 0.01430439798 0.01110403724 0.01009024154 0.01313546525 0.01483909795 0.01305852798 0.01432838678 0.01128870783 0.01520222804 0.009075459504 0.01223745982 0.01208614276 0.01037200881 0.01284499557 -0.00465972084 0.007408001011 0.005768128006 0.002099352131 0.001277768481 0.01452510066 -0.06091302554 -0.06428383572 -0.03920875234 0.002670909449 0.0003199432393 0.007043953861 0.01080211442 0.003657460248 0.005605692504 0.01078222431 0.00943120354 0.009117148322 0.009097572779 0.01074333077 0.01647352095 0.01464927592 0.01494862465 0.01789012762 0.01473604498 0.0120289614 0.008247092816 0.01019993671 0.01039009907 0.01192070551 0.004434642302 0.002168011978 0.001200160947 -0.0005145697232 0.0001947021514 -0.1110231649 -0.01613525503 -0.01904721112 -0.03056849329 -0.004720448448 0.006100802869 -4.761193479e-05 -0.001399388531 -0.002893107605 0.0003314952792 
0.00835500607 0.009988981918 0.008145091792 0.008252326829 0.01172365068 0.01369335415 0.01067570718 0.01099734601 0.008814856896 0.01283965283 0.00719328786 0.01023807811 0.009831799946 0.009746090016 0.01133456281 -0.002374677415 0.003349023301 0.001551144978 -0.001906495911 0.0003560190794 -0.05466124091 -0.03705421678 -0.03920875234 -0.007304263596 -0.0004877935893 -0.001877243003 0.001359566929 0.003712164689 -0.001141905341 0.0007092973193 0.01140138101 0.01034346968 0.0114683169 0.01170059511 0.0125422912 0.01775467738 0.01765687461 0.01756586303 0.02202522844 0.01779727026 0.01240214148 0.01025488255 0.01019964843 0.01274331468 0.01334158783 0.007519934969 -0.002003028508 -0.001075747354 0.003381014127 -3.889968231e-05 -0.09928014037 -0.02963357351 -0.03009961331 -0.03995474225 -0.01418029963 0.007675363292 5.465716103e-05 -0.002459565409 0.0033079939 0.0002974621396 
0.01482410378 0.01310582526 0.01224049702 0.01127427808 0.01503658383 0.01355174948 0.01356552964 0.01374829278 0.01197987624 0.01626768497 0.01375702906 0.01173142433 0.01027110737 0.008292310531 0.01325132931 0.00663643464 0.002458776304 0.003240909933 -8.442538317e-05 0.006489634314 -0.02150148791 0.008370803579 0.002670909449 -0.0004877935893 -0.08715184859 0.005863519318 0.003831066491 0.007380827618 0.002205419104 0.006727362934 0.01371984675 0.01302151993 0.01446042265 0.01441977755 0.01251795069 0.01860173933 0.01675882473 0.01573856067 0.01835585047 0.0160007452 0.01384545907 0.01178493561 0.01244336354 0.01334476459 0.01599429394 0.001806107644 -0.0009572958131 -0.00102309204 -0.0008795995124 5.94754664e-05 -0.007547280155 -0.009722463825 -0.006322954324 -0.01547326 -0.1203437576 0.002518653495 -0.001107504451 -0.001005063476 8.965123057e-05 0.0007419401595 
-0.0159739323 -2.437296249e-05 0.001686221056 0.0006784517048 0.006820389103 0.009363026623 0.01266168388 0.01057121467 0.01088749824 0.01626603109 0.01360305934 0.01251675116 0.01298617752 0.01077267366 0.0132693755 0.008817607349 0.008441613177 0.007410280859 0.006099193739 0.01390694034 -0.01807249571 -0.003395284437 0.0003199432393 -0.001877243003 0.005863519318 -0.09266618391 0.01257346411 0.01358457969 -0.05599753431 -0.02079689239 -0.03049464381 0.005379624251 0.00548813333 0.006531752671 0.002900447052 0.00587099303 0.01085823712 0.01134136832 0.0128938184 0.01347020104 0.01295505983 0.01681818846 0.01812547354 0.02058061263 0.01872212308 0.003178532291 0.01192290667 0.01187646881 0.01337600622 0.01376281959 -0.03227256805 0.0006422148244 0.004552526617 0.007242420985 0.00366455765 0.06915278687 -0.1071275075 -0.1109738467 -0.09653525636 -0.00781662459 
0.002709821306 0.008427893578 0.00717353701 0.002516128865 0.005586019129 0.01150908661 0.009432836301 0.00960659411 0.007631532063 0.0111054816 0.01117208197 0.01239405153 0.01301383781 0.01091654607 0.0144375898 0.008507953268 0.01215252728 0.009173440064 0.009633297251 0.01146836482 -0.0004009193789 0.005219957906 0.007043953861 0.001359566929 0.003831066491 0.01257346411 -0.0575527646 -0.06033827103 -0.03639725678 0.008630535109 0.005477040886 -0.002595317148 0.0009798604472 -0.002434843075 -0.00152454226 0.01115872366 0.008857595772 0.008797999295 0.01052805096 0.01239433279 0.01841526356 0.01480046353 0.01405816717 0.01673565483 0.01702173542 0.01172142482 0.01066565898 0.00993446531 0.01165544737 0.01235556717 0.003600663254 0.004983662472 0.000232871102 -0.0004199849264 -0.001355968782 -0.1097803485 -0.01879610529 -0.01606365134 -0.02964408853 -0.009936836517 
-0.004298914557 0.0079132121 0.005834721959 0.001379471326 0.001586276769 0.008609046064 0.01041156096 0.01181170509 0.008209499981 0.01064637471 0.01367077382 0.01285533046 0.01409210261 0.01112416874 0.01458274607 0.009400158645 0.01549621538 0.01195373776 0.01086976045 0.01269040324 0.001628164115 0.007009316652 0.01080211442 0.003712164689 0.007380827618 0.01358457969 -0.06033827103 -0.06293660555 -0.0377567893 0.002847755099 0.000324389707 0.002739379352 0.002188415601 0.0005231599217 -0.001224877739 0.01191633608 0.008087528973 0.00957567379 0.009708472048 0.01171687792 0.0173687433 0.01496083797 0.01504907774 0.0167027478 0.01598107686 0.01175217185 0.01129220183 0.01050511494 0.01136327651 0.01166523363 0.00565397476 0.0006856056159 -0.001754178171 -0.002906799873 -0.001029236385 -0.1102984512 -0.01730117758 -0.01942237368 -0.03057526075 -0.00657509955 
-0.001386818655 0.003856200895 0.001741107485 -0.0023653307 0.000883372879 0.007443516107 0.009156020881 0.009134486055 0.007513562698 0.009772735896 0.009969315179 0.01083936784 0.01161937639 0.009188506653 0.0127613856 0.007245005854 0.01045839852 0.009379812109 0.00913383479 0.01056934814 -0.001286842565 0.001472091169 0.003657460248 -0.001141905341 0.002205419104 -0.05599753431 -0.03639725678 -0.0377567893 -0.005980499794 -0.0008274818199 0.006027939043 -0.001723282895 -3.254408633e-05 0.003766309293 -0.000310604749 0.01127826249 0.01096338672 0.01065270537 0.01278324304 0.01278387994 0.01916893348 0.01799447888 0.01696047569 0.02044563333 0.01959028783 0.01295327594 0.01046045622 0.01171143684 0.01323185833 0.01263887439 0.005174600099 0.0005855688783 -0.002311543654 0.003522693727 -0.000988642017 -0.09784356511 -0.02991506347 -0.03014472952 -0.04100816615 -0.01637475485 
0.005002036668 0.002564591558 0.003525654337 0.0003728140245 0.004000361501 0.0121622039 0.01278243675 0.01233428536 0.01103767081 0.01351881903 0.01419680997 0.01331961715 0.01338783584 0.01169373945 0.01474896922 0.01229136561 0.01235325925 0.01170212862 0.01047742718 0.01399595786 0.007625375962 0.001870362035 0.005605692504 0.0007092973193 0.006727362934 -0.02079689239 0.008630535109 0.002847755099 -0.0008274818199 -0.08250374397 0.001280688623 -0.000501701652 -0.0009559092247 -0.0008878595968 -0.00183468046 0.01264968506 0.01310654684 0.01307506251 0.01383314282 0.01427730992 0.01858400729 0.01742253737 0.01706800871 0.01886839808 0.01889931515 0.01239381369 0.01054639679 0.01210616956 0.01214257276 0.01325092974 0.0005157195725 -0.001485540695 -0.001185110268 -0.0006417330462 -0.0001297035917 -0.006317228545 -0.009085090889 -0.005989224717 -0.01519273667 -0.1197975508 
0.07112741502 -0.111997062 -0.1076274957 -0.0976483481 -0.008374045406 -0.0269138549 0.006001848897 0.002779367031 0.006339888684 0.003504767788 0.005128337575 0.01283654597 0.01393116536 0.01306889169 0.01460452153 0.01159909988 0.01681631769 0.01733385837 0.01786441306 0.02095515112 0.005954642942 0.01023859821 0.01078222431 0.01140138101 0.01371984675 -0.03049464381 0.005477040886 0.000324389707 0.006027939043 0.001280688623 -0.09679035965 0.0134613485 0.0148732536 -0.05282556316 -0.02300543285 -0.009907890493 -0.0006776143166 -0.004308515199 -0.003426049116 0.004516625007 0.01083859854 0.008376821616 0.009246456671 0.008721076474 0.0138335752 0.01134953507 0.01405644795 0.01422696095 0.01267664648 0.01716884061 0.009206030839 0.01103270826 0.01204601214 0.009192697181 0.01411524721 -0.01211425013 0.0001500610177 -0.004427331483 -0.002820306162 0.004469212291 
-0.1126140186 -0.01799434563 -0.01629062888 -0.02990510355 -0.002469738519 0.003118673972 -0.001786689392 0.002559218933 -0.001340898167 -0.0007193226405 0.0110444222 0.009616601091 0.008969923925 0.01042915497 0.01098849214 0.01567547628 0.01604303367 0.01344808324 0.01722066081 0.01475929148 0.0117352198 0.009788613042 0.00943120354 0.01034346968 0.01302151993 0.005379624251 -0.002595317148 0.002739379352 -0.001723282895 -0.000501701652 0.0134613485 -0.06542847013 -0.05846338855 -0.03812308682 -0.0004734795756 -0.00312714193 0.00990761915 0.008222919666 0.004180776746 0.002813987674 0.008892452007 0.01224756245 0.01516405496 0.01012816309 0.01350754747 0.01335831961 0.01693643718 0.01277265771 0.01203272958 0.01392607054 0.01003791604 0.01044541627 0.01398464108 0.0102124439 0.01077867933 -0.00347976042 0.009886650524 0.007710438681 0.002817605241 0.002630664622 
-0.1080064542 -0.0161692267 -0.01735269248 -0.02873578039 -0.009739768152 0.00414605605 0.0004809524202 0.001325306336 -0.00057092385 -0.0009065919202 0.009983359432 0.008717355518 0.008152756014 0.01059339842 0.01224121527 0.01652742723 0.01385468894 0.0138510021 0.01697907189 0.01596480601 0.01239161206 0.008727958837 0.009117148322 0.0114683169 0.01446042265 0.00548813333 0.0009798604472 0.002188415601 -3.254408633e-05 -0.0009559092247 0.0148732536 -0.05846338855 -0.05605842744 -0.03559823744 0.01164353893 -0.002403930093 0.009601362318 0.006205163081 0.002857630179 0.003262158825 0.009260317957 0.008704184164 0.01203404922 0.00861660058 0.01311872858 0.01171965202 0.01306800208 0.01159288074 0.01073361043 0.01276031168 0.00978978913 0.00763102058 0.01078821687 0.008987335147 0.01011456323 -0.001887398071 0.008715054921 0.005878245916 0.002362291503 0.004483398283 
-0.09908608816 -0.02863071459 -0.02849677977 -0.03912274141 -0.01323955326 0.00530166841 -0.00177003667 0.0005503759001 0.003688703402 0.0003524605545 0.01251625406 0.01009984075 0.009323471554 0.01240438101 0.01272273046 0.01863935685 0.01679246115 0.01607335982 0.02047348182 0.01710997228 0.0141281888 0.01004727902 0.009097572779 0.01170059511 0.01441977755 0.006531752671 -0.002434843075 0.0005231599217 0.003766309293 -0.0008878595968 -0.05282556316 -0.03812308682 -0.03559823744 -0.006227847939 0.0005002875004 -0.003846365755 0.004720918096 0.002166142547 0.000270425474 -7.488619126e-05 0.007617643092 0.008881284615 0.01079381566 0.008622484692 0.01172314485 0.01186323109 0.01253011397 0.009762953866 0.008224536676 0.01085879781 0.008682792173 0.007475503017 0.00980793149 0.008151374142 0.008786986261 -0.00461327483 0.004279771353 0.002019672939 -0.001338800246 0.0005685945491 
-0.007705568948 -0.002662006744 -0.01066206882 -0.01385773617 -0.1204423748 0.003344179423 0.0007134402623 0.0004434730657 -0.0002412602054 0.003226744934 0.01529981908 0.01314010789 0.01189655318 0.01422118427 0.01525484295 0.01782063698 0.01567379612 0.01648786514 0.01838363793 0.01815772347 0.0138106805 0.01125339107 0.01074333077 0.0125422912 0.01251795069 0.002900447052 -0.00152454226 -0.001224877739 -0.000310604749 -0.00183468046 -0.02300543285 -0.0004734795756 0.01164353893 0.0005002875004 -0.08547319399 0.005324687669 0.006835839773 0.002878310405 0.001990688851 0.004698706792 0.01269588138 0.01151136211 0.01294487939 0.0106432487 0.01475246118 0.01342277638 0.01571300595 0.01510501532 0.01304270961 0.01660020717 0.01494594549 0.01109946536 0.01281322908 0.009827782941 0.01392727112 0.005496370517 0.005974824664 0.001581262212 0.001080770203 0.005260238167 
-0.03421165483 0.004934085797 0.005229675082 0.008724870069 0.002887351221 0.07371546446 -0.1103554115 -0.1113844513 -0.09963042029 -0.007541987966 -0.03146293013 0.004543460059 0.006215525392 0.006044401459 0.00302031404 0.00677455336 0.01320056718 0.01095234375 0.0132736598 0.01452785272 0.01566305653 0.01720958305 0.01647352095 0.01775467738 0.01860173933 0.00587099303 0.01115872366 0.01191633608 0.01127826249 0.01264968506 -0.009907890493 -0.00312714193 -0.002403930093 -0.003846365755 0.005324687669 -0.0929109985 0.01509750471 0.01513784923 -0.05232509521 -0.02024611332 -0.01418485738 -0.003133952928 -0.0005330137016 -0.001242216343 0.00673741165 0.01028601526 0.009916304084 0.009771672986 0.008619951139 0.01364833884 0.01046812465 0.01162448912 0.01356781467 0.01137695013 0.01458178918 0.009430227622 0.01071089835 0.009577136572 0.00774067857 0.01162629073 
0.007604233241 -0.003014370502 4.930977542e-05 -0.003452355782 0.0005812826967 -0.1095283146 -0.01879568931 -0.01621406442 -0.02979453412 -0.008847963333 0.004623829639 0.00386873287 -0.0006048904359 -0.0003901861242 -0.0001241794553 0.01217107221 0.009423882016 0.009775340166 0.01125129772 0.01251670133 0.01815301528 0.01465172396 0.01464927592 0.01765687461 0.01675882473 0.01085823712 0.008857595772 0.008087528973 0.01096338672 0.01310654684 -0.0006776143166 0.00990761915 0.009601362318 0.004720918096 0.006835839773 0.01509750471 -0.05758877994 -0.05983982867 -0.03687507372 0.007629969388 -0.00180270857 0.005378118798 0.007478600237 0.000641911156 0.002360801198 0.007531751968 0.01254104544 0.009116119536 0.008234974606 0.01023820862 0.01248226002 0.01319105069 0.01378926742 0.01154622551 0.0131286133 0.01021880431 0.009952262922 0.01035082861 0.008822708097 0.01158035395 
0.004284229646 0.002757497165 0.001320936208 -0.000265999394 0.0006543704552 -0.1124129208 -0.01631623061 -0.01834996808 -0.02965392138 -0.004814365441 0.003941872737 -0.0001359049271 -0.002140439071 -0.002863622326 -0.0006355907765 0.01091289802 0.009744148837 0.00998547893 0.01047695309 0.01084545622 0.01740550746 0.01439897149 0.01494862465 0.01756586303 0.01573856067 0.01134136832 0.008797999295 0.00957567379 0.01065270537 0.01307506251 -0.004308515199 0.008222919666 0.006205163081 0.002166142547 0.002878310405 0.01513784923 -0.05983982867 -0.0634062296 -0.03829160742 0.001410747038 0.0006862744154 0.007963351537 0.01250894648 0.004544690856 0.005467099096 0.009853397659 0.01523046275 0.01178989115 0.00996646216 0.0120928673 0.01416163876 0.0139095147 0.01529037883 0.01153274219 0.01359425887 0.008120131304 0.01037100543 0.01139418627 0.008182344856 0.01056896629 
0.008169795856 -0.002037060412 -0.001340650389 0.002622994495 0.000721330699 -0.09921428746 -0.03022800011 -0.02999951228 -0.0400801177 -0.0144591771 0.005847827418 -0.0004566712644 -0.002819612759 0.003731273072 0.0001172502576 0.01326330391 0.009507130339 0.01160669411 0.01214991149 0.01233989915 0.01813639322 0.01772152803 0.01789012762 0.02202522844 0.01835585047 0.0128938184 0.01052805096 0.009708472048 0.01278324304 0.01383314282 -0.003426049116 0.004180776746 0.002857630179 0.000270425474 0.001990688851 -0.05232509521 -0.03687507372 -0.03829160742 -0.006829815588 -0.001044875359 -0.002094905821 0.001781946817 0.004922206971 -0.001881088972 0.001486522584 0.007263173354 0.01008624437 0.008298925468 0.00778728872 0.01021487204 0.01197058924 0.01166260024 0.01168337399 0.009115632683 0.01099125891 0.00870699553 0.00825462221 0.00881108934 0.00766909097 0.009748428955 
0.002190177496 -5.166530419e-05 -0.0003856673554 -3.696216695e-05 0.000573847106 -0.007944725544 -0.009259741717 -0.00507375826 -0.0139639638 -0.118672568 0.003393795807 -0.001719995975 -0.001094353155 -0.0008171618085 -0.0001739599888 0.01454026495 0.0128221298 0.01386603564 0.01403713056 0.01420351595 0.02006232887 0.01630728057 0.01473604498 0.01779727026 0.0160007452 0.01347020104 0.01239433279 0.01171687792 0.01278387994 0.01427730992 0.004516625007 0.002813987674 0.003262158825 -7.488619126e-05 0.004698706792 -0.02024611332 0.007629969388 0.001410747038 -0.001044875359 -0.08023843513 0.005198497867 0.003492058333 0.0059061843 0.001895168109 0.004873246108 0.01407778889 0.01186461398 0.01127307836 0.009510142017 0.01296345206 0.0153870832 0.01467746023 0.01440353661 0.01258299986 0.01546790222 0.01162736699 0.01079421377 0.009756203595 0.00851783612 0.01349915009 
